15 0.065625 0.885938 0.056250 0.031250
15 0.799219 0.887500 0.057813 0.031250
15 0.853125 0.109375 0.028125 0.062500
15 0.852344 0.309375 0.026562 0.062500
1 0.681250 0.192969 0.012500 0.142187
11 0.657813 0.342969 0.046875 0.129688
13 0.711719 0.297656 0.057813 0.039062
4 0.779687 0.367188 0.090625 0.171875
1 0.832812 0.407813 0.012500 0.106250
0 0.861719 0.532813 0.057813 0.065625
7 0.939844 0.514844 0.048438 0.079687
6 0.935156 0.591406 0.054688 0.045312
0 0.865625 0.652344 0.053125 0.042188
15 0.945312 0.671875 0.021875 0.062500
8 0.900781 0.747656 0.123438 0.070312
1 0.885938 0.790625 0.096875 0.012500
1 0.685937 0.788281 0.143750 0.010937
1 0.500781 0.787500 0.079687 0.012500
16 0.401562 0.820312 0.078125 0.040625
13 0.370312 0.758594 0.037500 0.045312
13 0.370312 0.575781 0.034375 0.048438
13 0.305469 0.742188 0.048438 0.053125
5 0.310937 0.595313 0.065625 0.209375
11 0.409375 0.524219 0.112500 0.051562
4 0.430469 0.669531 0.151562 0.145313
2 0.221875 0.600781 0.065625 0.120313
5 0.221875 0.744531 0.078125 0.073438
12 0.082812 0.617188 0.009375 0.106250
17 0.084375 0.441406 0.025000 0.079687
17 0.085156 0.360156 0.026562 0.082812
2 0.085938 0.266406 0.028125 0.101562
0 0.141406 0.157813 0.085938 0.100000
0 0.444531 0.221875 0.076563 0.075000
0 0.442188 0.375781 0.059375 0.067187
0 0.568750 0.370313 0.040625 0.059375
0 0.660156 0.447656 0.070312 0.076563
0 0.589063 0.528125 0.065625 0.078125
0 0.509375 0.528125 0.068750 0.078125
13 0.810937 0.746875 0.037500 0.071875
3 0.779687 0.749219 0.028125 0.039062
11 0.577344 0.680469 0.048438 0.201563
1 0.210156 0.788281 0.210938 0.010937
2 0.085156 0.630469 0.026562 0.298438
7 0.303906 0.148438 0.048438 0.043750
9 0.429688 0.148438 0.059375 0.037500
2 0.371875 0.150000 0.193750 0.053125
7 0.446094 0.303906 0.067187 0.054688
6 0.516406 0.307813 0.039062 0.062500
1 0.516406 0.270312 0.060937 0.012500
15 0.590625 0.287500 0.068750 0.021875
3 0.710156 0.335938 0.039062 0.037500
3 0.270313 0.363281 0.028125 0.042188
3 0.269531 0.309375 0.026562 0.043750
3 0.370312 0.363281 0.028125 0.045312
3 0.371094 0.310156 0.029687 0.042188
2 0.320312 0.336719 0.068750 0.120313
4 0.749219 0.642969 0.160938 0.148438
