15 0.114062 0.065625 0.031250 0.056250
15 0.112500 0.799219 0.031250 0.057813
15 0.890625 0.853125 0.062500 0.028125
15 0.690625 0.852344 0.062500 0.026562
1 0.807031 0.681250 0.142187 0.012500
11 0.657031 0.657813 0.129688 0.046875
13 0.702344 0.711719 0.039062 0.057813
4 0.632812 0.779687 0.171875 0.090625
1 0.592187 0.832812 0.106250 0.012500
0 0.467187 0.861719 0.065625 0.057813
7 0.485156 0.939844 0.079687 0.048438
6 0.408594 0.935156 0.045312 0.054688
0 0.347656 0.865625 0.042188 0.053125
15 0.328125 0.945312 0.062500 0.021875
8 0.252344 0.900781 0.070312 0.123438
1 0.209375 0.885938 0.012500 0.096875
1 0.211719 0.685937 0.010937 0.143750
1 0.212500 0.500781 0.012500 0.079687
16 0.179688 0.401562 0.040625 0.078125
13 0.241406 0.370312 0.045312 0.037500
13 0.424219 0.370312 0.048438 0.034375
13 0.257812 0.305469 0.053125 0.048438
5 0.404687 0.310937 0.209375 0.065625
11 0.475781 0.409375 0.051562 0.112500
4 0.330469 0.430469 0.145313 0.151562
2 0.399219 0.221875 0.120313 0.065625
5 0.255469 0.221875 0.073438 0.078125
12 0.382812 0.082812 0.106250 0.009375
17 0.558594 0.084375 0.079687 0.025000
17 0.639844 0.085156 0.082812 0.026562
2 0.733594 0.085938 0.101562 0.028125
0 0.842187 0.141406 0.100000 0.085938
0 0.778125 0.444531 0.075000 0.076563
0 0.624219 0.442188 0.067187 0.059375
0 0.629687 0.568750 0.059375 0.040625
0 0.552344 0.660156 0.076563 0.070312
0 0.471875 0.589063 0.078125 0.065625
0 0.471875 0.509375 0.078125 0.068750
13 0.253125 0.810937 0.071875 0.037500
3 0.250781 0.779687 0.039062 0.028125
11 0.319531 0.577344 0.201563 0.048438
1 0.211719 0.210156 0.010937 0.210938
2 0.369531 0.085156 0.298438 0.026562
7 0.851562 0.303906 0.043750 0.048438
9 0.851562 0.429688 0.037500 0.059375
2 0.850000 0.371875 0.053125 0.193750
7 0.696094 0.446094 0.054688 0.067187
6 0.692187 0.516406 0.062500 0.039062
1 0.729688 0.516406 0.012500 0.060937
15 0.712500 0.590625 0.021875 0.068750
3 0.664062 0.710156 0.037500 0.039062
3 0.636719 0.270313 0.042188 0.028125
3 0.690625 0.269531 0.043750 0.026562
3 0.636719 0.370312 0.045312 0.028125
3 0.689844 0.371094 0.042188 0.029687
2 0.663281 0.320312 0.120313 0.068750
4 0.357031 0.749219 0.148438 0.160938
