9 0.032813 0.609375 0.031250 0.056250
7 0.032813 0.705469 0.028125 0.032813
2 0.032031 0.664062 0.035937 0.209375
1 0.046875 0.551562 0.062500 0.009375
0 0.144531 0.519531 0.054688 0.070312
15 0.186719 0.578125 0.014063 0.040625
10 0.175000 0.738281 0.046875 0.064062
2 0.219531 0.724219 0.023438 0.085938
14 0.171875 0.107813 0.037500 0.040625
13 0.218750 0.104688 0.031250 0.037500
13 0.218750 0.292187 0.031250 0.118750
4 0.264062 0.179688 0.121875 0.128125
3 0.257031 0.308594 0.032813 0.039062
1 0.299219 0.081250 0.107813 0.009375
11 0.425781 0.182031 0.035937 0.189062
11 0.578906 0.183594 0.035937 0.189062
11 0.577344 0.417969 0.032813 0.107813
11 0.646875 0.452344 0.106250 0.042188
11 0.603906 0.648438 0.085938 0.040625
11 0.457031 0.520312 0.032813 0.156250
1 0.199219 0.438281 0.010937 0.129688
1 0.874219 0.080469 0.054688 0.010937
1 0.899219 0.114844 0.007812 0.057813
1 0.898438 0.398438 0.006250 0.053125
1 0.897656 0.589844 0.007812 0.126562
1 0.898438 0.803906 0.009375 0.229687
1 0.528125 0.078906 0.053125 0.010937
15 0.473438 0.096094 0.040625 0.020313
0 0.453125 0.312500 0.062500 0.062500
0 0.527344 0.247656 0.048438 0.064062
0 0.584375 0.317188 0.062500 0.062500
0 0.453906 0.400781 0.057813 0.064062
0 0.583594 0.521875 0.060937 0.068750
0 0.242188 0.842187 0.040625 0.043750
0 0.251563 0.895312 0.065625 0.062500
0 0.221875 0.578906 0.040625 0.035937
0 0.388281 0.579688 0.098437 0.037500
4 0.292187 0.528906 0.106250 0.145313
3 0.402344 0.537500 0.029687 0.040625
8 0.502344 0.144531 0.095312 0.057813
7 0.464844 0.203906 0.023438 0.039062
6 0.475781 0.247656 0.042188 0.029687
1 0.823438 0.080469 0.037500 0.010937
13 0.653906 0.103906 0.110937 0.035937
13 0.850000 0.105469 0.087500 0.035937
4 0.757031 0.157031 0.104688 0.145313
3 0.639062 0.146875 0.031250 0.040625
3 0.875000 0.189844 0.034375 0.042188
3 0.874219 0.274219 0.032813 0.042188
3 0.757812 0.342187 0.037500 0.012500
2 0.756250 0.339062 0.109375 0.021875
17 0.832812 0.340625 0.040625 0.021875
17 0.873437 0.339844 0.037500 0.020313
17 0.757812 0.239844 0.081250 0.029687
0 0.728906 0.390625 0.054688 0.056250
6 0.733594 0.449219 0.026562 0.048438
7 0.771875 0.459375 0.031250 0.028125
8 0.867969 0.418750 0.048438 0.109375
13 0.667188 0.652344 0.037500 0.039062
13 0.835156 0.653125 0.117188 0.040625
4 0.731250 0.599219 0.106250 0.142187
3 0.855469 0.607031 0.032813 0.035937
2 0.961719 0.723437 0.042188 0.053125
3 0.960938 0.776563 0.037500 0.043750
3 0.962500 0.669531 0.037500 0.048438
2 0.600000 0.717187 0.037500 0.040625
2 0.841406 0.717969 0.035937 0.042188
2 0.721094 0.807031 0.076563 0.054688
5 0.721094 0.710938 0.185938 0.059375
5 0.598437 0.812500 0.050000 0.075000
5 0.847656 0.813281 0.048438 0.120313
2 0.279687 0.951562 0.096875 0.034375
2 0.362500 0.944531 0.034375 0.039062
5 0.406250 0.946094 0.043750 0.045312
3 0.294531 0.728125 0.023438 0.034375
3 0.335156 0.772656 0.026562 0.029687
3 0.374219 0.774219 0.026562 0.029687
3 0.412500 0.773438 0.028125 0.031250
3 0.334375 0.681250 0.025000 0.028125
3 0.374219 0.683594 0.026562 0.029687
3 0.413281 0.681250 0.026562 0.028125
3 0.454688 0.728125 0.025000 0.031250
2 0.374219 0.726562 0.132812 0.062500
17 0.576562 0.953906 0.050000 0.029687
17 0.628125 0.955469 0.053125 0.029687
17 0.817969 0.954688 0.051562 0.031250
17 0.866406 0.953906 0.048438 0.029687
12 0.722656 0.955469 0.085938 0.014063
2 0.722656 0.954688 0.135937 0.028125
