13 0.114844 0.230469 0.042188 0.067187
13 0.113281 0.428906 0.039062 0.107813
13 0.264844 0.636719 0.039062 0.073438
13 0.592969 0.392188 0.039062 0.071875
13 0.594531 0.221094 0.039062 0.045312
15 0.126562 0.107813 0.062500 0.028125
15 0.925781 0.110156 0.060937 0.026562
15 0.203906 0.745313 0.060937 0.018750
1 0.088281 0.682031 0.014063 0.089063
1 0.278906 0.760156 0.067187 0.010937
1 0.332031 0.825000 0.007812 0.115625
1 0.515625 0.759375 0.050000 0.009375
1 0.768750 0.192969 0.228125 0.010937
1 0.450000 0.192969 0.087500 0.010937
1 0.249219 0.191406 0.157812 0.010937
4 0.182031 0.317969 0.176563 0.123438
4 0.330469 0.710156 0.170313 0.082812
4 0.526563 0.296094 0.168750 0.120313
3 0.151562 0.433594 0.031250 0.035937
3 0.301563 0.639062 0.034375 0.034375
3 0.558594 0.393750 0.029687 0.034375
16 0.561719 0.161719 0.082812 0.035937
11 0.366406 0.293750 0.048438 0.190625
11 0.318750 0.576562 0.146875 0.046875
11 0.550781 0.448437 0.123438 0.043750
15 0.601562 0.722656 0.021875 0.064062
7 0.121094 0.523438 0.051562 0.068750
7 0.586719 0.585938 0.051562 0.062500
7 0.750781 0.800781 0.042188 0.045312
0 0.212500 0.517188 0.065625 0.053125
0 0.363281 0.511719 0.076563 0.067187
0 0.441406 0.445312 0.076563 0.065625
0 0.442188 0.581250 0.071875 0.068750
0 0.524219 0.575000 0.064062 0.053125
0 0.519531 0.701562 0.054688 0.037500
0 0.599219 0.799219 0.070312 0.067187
0 0.205469 0.650000 0.057813 0.037500
0 0.842969 0.854688 0.092188 0.084375
6 0.125781 0.596875 0.064062 0.040625
6 0.581250 0.650781 0.062500 0.035937
2 0.667188 0.230469 0.053125 0.048438
2 0.667188 0.459375 0.053125 0.046875
2 0.739844 0.642969 0.060937 0.104688
2 0.904687 0.610156 0.025000 0.120313
2 0.905469 0.339062 0.026562 0.281250
17 0.904687 0.515625 0.025000 0.068750
17 0.905469 0.703906 0.023438 0.067187
17 0.905469 0.771875 0.026562 0.068750
12 0.904687 0.344531 0.009375 0.089063
5 0.751563 0.231250 0.075000 0.062500
5 0.750781 0.460156 0.076563 0.064062
5 0.659375 0.344531 0.071875 0.154688
2 0.753906 0.345313 0.060937 0.103125
3 0.695312 0.618750 0.025000 0.037500
3 0.694531 0.667969 0.023438 0.032813
3 0.783594 0.620313 0.026562 0.031250
3 0.784375 0.671094 0.021875 0.035937
9 0.607812 0.863281 0.065625 0.032813
2 0.669531 0.861719 0.210938 0.045312
2 0.749219 0.807031 0.048438 0.064062
8 0.130469 0.693750 0.067187 0.121875
