13 0.871094 0.156250 0.048438 0.143750
13 0.752344 0.114062 0.185938 0.056250
3 0.758594 0.179688 0.057813 0.059375
0 0.838281 0.342187 0.042188 0.062500
7 0.872656 0.413281 0.045312 0.054688
6 0.780469 0.307031 0.045312 0.073438
0 0.777344 0.440625 0.060937 0.006250
11 0.817188 0.483594 0.156250 0.057813
13 0.875000 0.531250 0.040625 0.037500
13 0.875000 0.728125 0.040625 0.059375
1 0.835938 0.767969 0.118750 0.014063
1 0.441406 0.768750 0.129688 0.015625
1 0.235156 0.767188 0.160938 0.015625
2 0.573437 0.103906 0.150000 0.039062
5 0.612500 0.232031 0.075000 0.220312
12 0.352344 0.219531 0.010937 0.120313
17 0.361719 0.113281 0.032813 0.054688
2 0.360156 0.232031 0.029687 0.179688
10 0.378125 0.445312 0.062500 0.068750
17 0.372656 0.510156 0.051562 0.057813
7 0.370313 0.584375 0.046875 0.068750
9 0.375000 0.717969 0.040625 0.073438
2 0.372656 0.650000 0.060937 0.218750
5 0.296875 0.711719 0.075000 0.085938
13 0.114844 0.705469 0.045312 0.107813
13 0.115625 0.466406 0.040625 0.076563
11 0.121094 0.325000 0.051562 0.206250
11 0.175000 0.253906 0.056250 0.057813
11 0.175000 0.398438 0.056250 0.059375
15 0.105469 0.192188 0.023438 0.050000
0 0.178125 0.184375 0.046875 0.062500
7 0.237500 0.109375 0.053125 0.046875
6 0.307813 0.177344 0.059375 0.035937
13 0.317969 0.271875 0.039062 0.096875
3 0.282031 0.274219 0.032813 0.042188
0 0.299219 0.326562 0.070312 0.006250
4 0.182031 0.575781 0.173437 0.160938
0 0.396094 0.132031 0.007812 0.101562
2 0.537500 0.595313 0.062500 0.193750
3 0.587500 0.590625 0.034375 0.046875
3 0.587500 0.656250 0.034375 0.046875
3 0.489844 0.591406 0.035937 0.045312
3 0.489062 0.657813 0.034375 0.043750
0 0.571875 0.817187 0.006250 0.084375
7 0.740625 0.900781 0.043750 0.051562
14 0.730469 0.822656 0.064062 0.070312
3 0.838281 0.729688 0.032813 0.043750
4 0.809375 0.624219 0.168750 0.145313
0 0.662500 0.495312 0.006250 0.084375
15 0.874219 0.250000 0.042188 0.021875
16 0.354688 0.825000 0.075000 0.043750
