6 0.645312 0.162500 0.028125 0.050000
6 0.579688 0.439844 0.025000 0.045312
7 0.587500 0.169531 0.062500 0.035937
7 0.527344 0.432031 0.035937 0.035937
7 0.828906 0.625000 0.064062 0.040625
9 0.909375 0.533594 0.034375 0.051562
2 0.909375 0.564844 0.040625 0.157812
2 0.842969 0.625781 0.092188 0.039062
10 0.770312 0.622656 0.050000 0.048438
2 0.722656 0.504687 0.079687 0.037500
1 0.820312 0.480469 0.106250 0.010937
17 0.920312 0.466406 0.018750 0.014063
14 0.909375 0.421094 0.040625 0.045312
1 0.678906 0.459375 0.007812 0.028125
17 0.645312 0.425781 0.056250 0.020313
0 0.520312 0.513281 0.050000 0.004687
11 0.622656 0.388281 0.098437 0.039062
4 0.632031 0.263281 0.076563 0.139063
1 0.678125 0.275000 0.009375 0.106250
13 0.542969 0.210938 0.098437 0.034375
3 0.540625 0.241406 0.031250 0.023438
0 0.522656 0.406250 0.054688 0.003125
15 0.517188 0.177344 0.043750 0.020313
8 0.615625 0.065625 0.112500 0.059375
1 0.620313 0.031250 0.106250 0.012500
0 0.520312 0.157031 0.050000 0.004687
12 0.341406 0.064844 0.057813 0.007812
12 0.332813 0.692187 0.081250 0.009375
17 0.322656 0.049219 0.035937 0.023438
17 0.358594 0.048438 0.032813 0.025000
11 0.432812 0.057813 0.112500 0.040625
11 0.247656 0.057031 0.110937 0.042188
2 0.340625 0.071094 0.071875 0.020313
5 0.193750 0.171094 0.050000 0.110937
5 0.231250 0.811719 0.053125 0.039062
5 0.232031 0.909375 0.060937 0.137500
5 0.336719 0.949219 0.148438 0.057813
2 0.428906 0.949219 0.026562 0.042188
5 0.423438 0.851562 0.040625 0.084375
2 0.332813 0.850781 0.065625 0.067187
5 0.503906 0.911719 0.067187 0.026562
0 0.671094 0.803906 0.007812 0.067187
2 0.694531 0.792969 0.032813 0.095312
17 0.691406 0.710938 0.035937 0.056250
13 0.242969 0.257031 0.042188 0.029687
13 0.401562 0.257031 0.040625 0.029687
13 0.197656 0.292187 0.035937 0.028125
13 0.364063 0.295312 0.090625 0.034375
13 0.396875 0.332031 0.025000 0.042188
2 0.278906 0.541406 0.051562 0.114062
2 0.352344 0.660937 0.107813 0.028125
13 0.244531 0.659375 0.107813 0.031250
2 0.335156 0.696094 0.154688 0.029687
2 0.175781 0.550000 0.020313 0.093750
3 0.234375 0.540625 0.037500 0.037500
3 0.319531 0.517969 0.026562 0.032813
3 0.319531 0.564063 0.023438 0.034375
3 0.350781 0.331250 0.029687 0.031250
3 0.514844 0.597656 0.029687 0.020313
3 0.553906 0.598437 0.029687 0.021875
3 0.592187 0.598437 0.034375 0.021875
3 0.516406 0.681250 0.029687 0.021875
3 0.553906 0.681250 0.029687 0.021875
3 0.592969 0.682031 0.029687 0.023438
2 0.553906 0.639062 0.129688 0.059375
5 0.636719 0.640625 0.029687 0.031250
5 0.138281 0.902344 0.057813 0.057813
2 0.156250 0.857812 0.028125 0.031250
1 0.160156 0.165625 0.007812 0.125000
1 0.159375 0.359375 0.009375 0.118750
1 0.158594 0.547656 0.007812 0.123438
1 0.184375 0.838281 0.009375 0.242188
0 0.485156 0.244531 0.004687 0.057813
0 0.380469 0.432812 0.057813 0.003125
0 0.409375 0.582031 0.006250 0.092188
11 0.224219 0.460938 0.123438 0.037500
11 0.347656 0.460938 0.120313 0.037500
4 0.323437 0.201563 0.125000 0.137500
