5 0.513281 0.595313 0.104688 0.093750
2 0.396875 0.593750 0.093750 0.068750
4 0.710156 0.600781 0.254688 0.117188
3 0.748437 0.507031 0.071875 0.032813
13 0.813281 0.675781 0.054688 0.026562
13 0.810937 0.491406 0.053125 0.098437
15 0.745313 0.389062 0.162500 0.059375
0 0.398438 0.300781 0.140625 0.051562
0 0.398438 0.358594 0.096875 0.054688
7 0.400781 0.417969 0.089063 0.026562
6 0.307031 0.407813 0.067187 0.046875
11 0.307031 0.460938 0.282813 0.034375
12 0.150781 0.584375 0.017188 0.075000
2 0.160156 0.583594 0.054688 0.167187
0 0.179688 0.761719 0.096875 0.057813
6 0.292187 0.762500 0.096875 0.028125
7 0.301563 0.808594 0.075000 0.054688
5 0.527344 0.792188 0.079687 0.040625
5 0.684375 0.791406 0.078125 0.039062
2 0.606250 0.794531 0.065625 0.029687
1 0.230469 0.900000 0.129688 0.012500
1 0.603125 0.737500 0.315625 0.012500
1 0.709375 0.084375 0.128125 0.009375
1 0.342969 0.082812 0.207813 0.006250
5 0.210156 0.262500 0.145313 0.065625
13 0.149219 0.113281 0.032813 0.026562
13 0.149219 0.221094 0.032813 0.026562
4 0.251563 0.170313 0.237500 0.087500
11 0.515625 0.112500 0.075000 0.040625
11 0.512500 0.228125 0.078125 0.043750
12 0.522656 0.171875 0.023438 0.065625
2 0.515625 0.171875 0.075000 0.068750
0 0.529687 0.469531 0.121875 0.054688
