1 0.232813 0.917188 0.287500 0.009375
1 0.528906 0.921094 0.132812 0.010937
1 0.759375 0.921094 0.156250 0.010937
1 0.515625 0.182813 0.062500 0.009375
1 0.717969 0.183594 0.123438 0.010937
12 0.092188 0.715625 0.018750 0.100000
2 0.100000 0.731250 0.037500 0.228125
17 0.100000 0.878125 0.037500 0.062500
17 0.100000 0.583594 0.037500 0.067187
17 0.093750 0.321094 0.021875 0.076563
17 0.093750 0.246094 0.021875 0.073438
0 0.157031 0.249219 0.095312 0.107813
17 0.228125 0.235156 0.031250 0.051562
17 0.278125 0.228125 0.046875 0.050000
7 0.278906 0.159375 0.048438 0.084375
2 0.278906 0.073438 0.048438 0.087500
9 0.348438 0.055469 0.075000 0.048438
2 0.360156 0.055469 0.110937 0.045312
10 0.432031 0.219531 0.054688 0.057813
0 0.510938 0.139062 0.081250 0.071875
16 0.628906 0.046094 0.082812 0.029687
7 0.745313 0.152344 0.071875 0.045312
14 0.817187 0.144531 0.068750 0.067187
15 0.870313 0.165625 0.021875 0.021875
15 0.420312 0.960938 0.059375 0.025000
15 0.637500 0.953125 0.062500 0.046875
15 0.835156 0.378125 0.048438 0.025000
5 0.198437 0.871094 0.062500 0.057813
5 0.294531 0.871875 0.060937 0.056250
5 0.359375 0.717969 0.056250 0.229687
5 0.258594 0.558594 0.120313 0.057813
2 0.243750 0.715625 0.068750 0.090625
2 0.355469 0.562500 0.042188 0.043750
2 0.353125 0.871094 0.043750 0.042188
2 0.246875 0.869531 0.025000 0.042188
2 0.386719 0.373437 0.148438 0.075000
3 0.340625 0.429688 0.037500 0.034375
3 0.386719 0.428906 0.039062 0.035937
3 0.432812 0.429688 0.037500 0.034375
3 0.341406 0.319531 0.039062 0.032813
3 0.386719 0.321094 0.035937 0.035937
3 0.433594 0.321094 0.039062 0.035937
15 0.578906 0.228125 0.023438 0.078125
0 0.501563 0.407813 0.059375 0.065625
6 0.563281 0.313281 0.057813 0.035937
7 0.567187 0.395312 0.050000 0.075000
17 0.775781 0.374219 0.048438 0.032813
4 0.810156 0.272656 0.120313 0.167187
13 0.623437 0.278125 0.050000 0.103125
13 0.675000 0.207812 0.150000 0.037500
11 0.623437 0.381250 0.050000 0.100000
11 0.552344 0.640625 0.107813 0.046875
11 0.518750 0.575781 0.043750 0.079687
11 0.557031 0.697656 0.114062 0.045312
13 0.496094 0.895312 0.067187 0.040625
13 0.417969 0.808594 0.042188 0.126562
3 0.455469 0.813281 0.032813 0.039062
4 0.571094 0.817188 0.082812 0.156250
4 0.767969 0.763281 0.157812 0.126562
13 0.829688 0.871875 0.034375 0.084375
13 0.830469 0.654687 0.039062 0.090625
3 0.792969 0.656250 0.032813 0.037500
0 0.755469 0.571094 0.064062 0.060937
0 0.685937 0.563281 0.071875 0.079687
0 0.684375 0.400781 0.071875 0.079687
3 0.667969 0.275000 0.032813 0.037500
8 0.800781 0.427344 0.139063 0.057813
6 0.832031 0.503906 0.057813 0.035937
7 0.837500 0.569531 0.050000 0.064062
0 0.435156 0.562500 0.073438 0.078125
2 0.101562 0.453906 0.040625 0.189062
