17 0.242188 0.436719 0.031250 0.064062
17 0.241406 0.499219 0.029687 0.060937
17 0.709375 0.636719 0.040625 0.035937
1 0.352344 0.073438 0.139063 0.009375
1 0.532813 0.074219 0.084375 0.007812
1 0.661719 0.072656 0.104688 0.007812
1 0.687500 0.439844 0.006250 0.064062
1 0.688281 0.538281 0.007812 0.042188
1 0.764063 0.588281 0.009375 0.048438
1 0.762500 0.379688 0.006250 0.046875
1 0.763281 0.754687 0.007812 0.103125
1 0.762500 0.902344 0.006250 0.123438
2 0.253125 0.118750 0.034375 0.034375
2 0.253125 0.323437 0.031250 0.037500
2 0.327344 0.222656 0.054688 0.082812
2 0.512500 0.209375 0.062500 0.065625
2 0.590625 0.144531 0.015625 0.132812
2 0.460938 0.417969 0.096875 0.098437
2 0.439063 0.542188 0.140625 0.025000
2 0.310937 0.420312 0.106250 0.028125
2 0.292188 0.393750 0.137500 0.021875
2 0.434375 0.212500 0.021875 0.178125
12 0.438281 0.217969 0.007812 0.076563
14 0.708594 0.374219 0.032813 0.035937
15 0.575781 0.361719 0.017188 0.035937
15 0.389844 0.569531 0.042188 0.017188
5 0.349219 0.327344 0.039062 0.045312
5 0.300781 0.326562 0.042188 0.046875
5 0.249219 0.221875 0.048438 0.156250
5 0.323438 0.115625 0.090625 0.046875
5 0.512500 0.108594 0.128125 0.057813
3 0.539062 0.179688 0.031250 0.031250
3 0.482031 0.178906 0.032813 0.032813
3 0.482812 0.236719 0.034375 0.032813
3 0.539844 0.237500 0.032813 0.034375
0 0.646094 0.313281 0.023438 0.045312
0 0.484375 0.643750 0.043750 0.006250
0 0.590625 0.620313 0.043750 0.003125
0 0.588281 0.678906 0.042188 0.004687
0 0.512500 0.787500 0.006250 0.046875
0 0.595313 0.360938 0.006250 0.037500
0 0.276563 0.501563 0.003125 0.056250
0 0.586719 0.334375 0.045312 0.003125
13 0.737500 0.107031 0.021875 0.042188
13 0.746875 0.813281 0.025000 0.023438
13 0.625000 0.811719 0.053125 0.023438
13 0.709375 0.964063 0.081250 0.021875
13 0.569531 0.963281 0.032813 0.020313
13 0.734375 0.229687 0.028125 0.050000
3 0.708594 0.229687 0.020313 0.031250
3 0.725781 0.939844 0.029687 0.023438
3 0.624219 0.791406 0.023438 0.020313
11 0.582813 0.776563 0.031250 0.096875
11 0.524219 0.925000 0.029687 0.100000
11 0.700781 0.274219 0.117188 0.029687
11 0.743750 0.317969 0.031250 0.057813
4 0.692188 0.775000 0.081250 0.096875
4 0.626563 0.928125 0.081250 0.096875
4 0.698437 0.164844 0.103125 0.092188
8 0.660938 0.436719 0.050000 0.089063
7 0.666406 0.542188 0.029687 0.040625
7 0.583594 0.414062 0.029687 0.046875
7 0.478125 0.575000 0.028125 0.025000
9 0.593750 0.505469 0.043750 0.023438
10 0.664062 0.648438 0.040625 0.037500
2 0.601562 0.653125 0.068750 0.031250
2 0.625000 0.502344 0.115625 0.029687
6 0.588281 0.459375 0.039062 0.025000
6 0.439844 0.580469 0.020313 0.039062
5 0.727344 0.860938 0.051562 0.053125
3 0.504688 0.382031 0.028125 0.026562
3 0.479688 0.361719 0.028125 0.023438
3 0.443750 0.363281 0.028125 0.026562
3 0.417188 0.380469 0.025000 0.029687
3 0.406250 0.416406 0.018750 0.023438
3 0.415625 0.450781 0.025000 0.023438
3 0.444531 0.470313 0.026562 0.018750
3 0.478125 0.467187 0.025000 0.025000
3 0.507812 0.448437 0.025000 0.025000
3 0.516406 0.415625 0.017188 0.021875
