0 0.708594 0.895312 0.110937 0.096875
0 0.839063 0.518750 0.075000 0.084375
0 0.607031 0.250000 0.076563 0.087500
0 0.456250 0.264844 0.062500 0.070312
0 0.525781 0.349219 0.082812 0.073438
0 0.334375 0.585938 0.084375 0.075000
0 0.689063 0.484375 0.068750 0.062500
1 0.108594 0.827344 0.010937 0.260937
1 0.096094 0.475000 0.010937 0.137500
1 0.071094 0.212500 0.014063 0.209375
12 0.052344 0.589844 0.026562 0.057813
12 0.042969 0.361719 0.039062 0.064062
12 0.801562 0.334375 0.018750 0.071875
2 0.153906 0.933594 0.051562 0.048438
2 0.414062 0.934375 0.050000 0.050000
2 0.289844 0.821094 0.110937 0.073438
2 0.544531 0.729687 0.070312 0.156250
2 0.827344 0.748437 0.223438 0.050000
2 0.914062 0.671094 0.053125 0.101562
9 0.913281 0.681250 0.051562 0.068750
7 0.803906 0.748437 0.089063 0.050000
17 0.689063 0.750000 0.053125 0.046875
10 0.700781 0.616406 0.073438 0.060937
7 0.725000 0.546875 0.121875 0.050000
7 0.845313 0.336719 0.043750 0.073438
5 0.111719 0.239062 0.054688 0.156250
11 0.217188 0.596875 0.140625 0.050000
11 0.532031 0.468750 0.054688 0.137500
11 0.400781 0.468750 0.051562 0.137500
13 0.157812 0.100000 0.065625 0.037500
13 0.371875 0.100781 0.084375 0.039062
2 0.270313 0.058594 0.287500 0.042188
4 0.260937 0.164062 0.137500 0.168750
3 0.370312 0.138281 0.040625 0.035937
12 0.252344 0.367969 0.082812 0.007812
2 0.203125 0.368750 0.253125 0.040625
8 0.492188 0.110156 0.134375 0.070312
1 0.471875 0.066406 0.065625 0.014063
6 0.528906 0.185937 0.057813 0.037500
7 0.533594 0.257031 0.051562 0.070312
15 0.581250 0.117188 0.025000 0.087500
13 0.675781 0.094531 0.145313 0.035937
13 0.777344 0.094531 0.051562 0.039062
4 0.871094 0.185937 0.139063 0.193750
1 0.950000 0.170312 0.012500 0.121875
11 0.732812 0.257031 0.140625 0.051562
3 0.696875 0.130469 0.043750 0.035937
6 0.695312 0.414844 0.062500 0.035937
1 0.792188 0.492188 0.012500 0.065625
14 0.835156 0.413281 0.070312 0.067187
16 0.926562 0.495313 0.031250 0.087500
13 0.124219 0.522656 0.042188 0.079687
4 0.196875 0.439844 0.184375 0.082812
13 0.326562 0.423438 0.081250 0.050000
3 0.326562 0.466406 0.043750 0.039062
12 0.288281 0.653906 0.104688 0.010937
5 0.153906 0.832031 0.067187 0.126562
5 0.286719 0.935156 0.182812 0.067187
17 0.614062 0.957031 0.093750 0.023438
17 0.706250 0.957031 0.090625 0.023438
17 0.707812 0.801563 0.087500 0.034375
3 0.491406 0.778125 0.035937 0.037500
3 0.491406 0.729687 0.035937 0.040625
3 0.491406 0.682031 0.035937 0.042188
3 0.599219 0.778125 0.035937 0.040625
3 0.598437 0.730469 0.034375 0.039062
3 0.597656 0.682812 0.035937 0.040625
1 0.657031 0.067187 0.085938 0.012500
2 0.245312 0.640625 0.259375 0.012500
