11 0.707031 0.566406 0.226562 0.035937
11 0.742188 0.941406 0.100000 0.039062
11 0.571875 0.941406 0.103125 0.039062
11 0.396094 0.647656 0.092188 0.035937
17 0.641406 0.949219 0.032813 0.023438
17 0.674219 0.949219 0.032813 0.023438
12 0.656250 0.932813 0.053125 0.006250
2 0.657813 0.928125 0.065625 0.015625
4 0.674219 0.803125 0.114062 0.128125
13 0.747656 0.752344 0.035937 0.026562
13 0.600000 0.752344 0.037500 0.026562
13 0.469531 0.797656 0.089063 0.029687
13 0.322656 0.554688 0.035937 0.118750
13 0.635156 0.718750 0.079687 0.028125
13 0.603125 0.682812 0.025000 0.037500
13 0.789062 0.719531 0.031250 0.026562
13 0.796094 0.752344 0.045312 0.026562
5 0.792969 0.834375 0.045312 0.103125
1 0.824219 0.839844 0.007812 0.110937
1 0.825781 0.663281 0.010937 0.110937
1 0.824219 0.484375 0.007812 0.112500
1 0.800000 0.217187 0.009375 0.221875
1 0.344531 0.773438 0.007812 0.046875
1 0.399219 0.964063 0.098437 0.009375
14 0.176563 0.679688 0.043750 0.037500
17 0.118750 0.676563 0.015625 0.031250
0 0.301563 0.686719 0.003125 0.048438
9 0.226562 0.606250 0.031250 0.046875
7 0.225000 0.514062 0.031250 0.053125
10 0.250781 0.396875 0.048438 0.043750
17 0.323437 0.632812 0.034375 0.034375
15 0.374219 0.611719 0.048438 0.017188
15 0.492969 0.829687 0.039062 0.018750
6 0.435937 0.599219 0.025000 0.045312
6 0.378125 0.844531 0.028125 0.045312
8 0.402344 0.931250 0.104688 0.056250
7 0.435156 0.838281 0.054688 0.035937
2 0.225000 0.567969 0.037500 0.167187
2 0.347656 0.289844 0.020313 0.142187
2 0.453906 0.339844 0.060937 0.123438
2 0.662500 0.210156 0.059375 0.064062
2 0.659375 0.348437 0.143750 0.025000
4 0.724219 0.675781 0.095312 0.114062
13 0.711719 0.491406 0.045312 0.101562
3 0.753906 0.493750 0.032813 0.034375
3 0.675781 0.514062 0.023438 0.031250
3 0.676562 0.471094 0.025000 0.029687
13 0.644531 0.382031 0.098437 0.023438
13 0.725000 0.382812 0.056250 0.025000
13 0.780469 0.382812 0.054688 0.025000
13 0.808594 0.483594 0.020313 0.085938
12 0.660937 0.352344 0.075000 0.007812
4 0.386719 0.733594 0.070312 0.132812
3 0.472656 0.769531 0.026562 0.023438
7 0.483594 0.605469 0.035937 0.029687
2 0.435937 0.500000 0.171875 0.031250
3 0.414062 0.372656 0.021875 0.029687
3 0.414062 0.337500 0.018750 0.025000
3 0.413281 0.303906 0.020313 0.026562
3 0.453906 0.266406 0.029687 0.020313
3 0.496094 0.372656 0.020313 0.026562
3 0.496094 0.338281 0.017188 0.026562
3 0.496875 0.303906 0.018750 0.026562
3 0.453125 0.408594 0.028125 0.014063
5 0.757812 0.245313 0.050000 0.037500
5 0.757812 0.153906 0.053125 0.129688
5 0.660156 0.117969 0.142187 0.054688
5 0.560156 0.232812 0.051562 0.046875
5 0.560156 0.177344 0.051562 0.045312
2 0.564844 0.117188 0.039062 0.037500
2 0.825781 0.199219 0.026562 0.026562
3 0.841406 0.160156 0.051562 0.051562
0 0.316406 0.425781 0.054688 0.004687
0 0.489063 0.527344 0.046875 0.004687
0 0.592187 0.455469 0.006250 0.085938
0 0.621875 0.591406 0.046875 0.004687
0 0.490625 0.631250 0.050000 0.003125
0 0.491406 0.850781 0.045312 0.004687
0 0.522656 0.764844 0.007812 0.051562
2 0.389844 0.198438 0.104688 0.028125
