0 0.218750 0.610156 0.062500 0.067187
0 0.157813 0.539844 0.059375 0.054688
0 0.170312 0.403906 0.059375 0.051562
0 0.369531 0.406250 0.060937 0.065625
0 0.482031 0.407031 0.057813 0.067187
0 0.287500 0.542188 0.059375 0.065625
0 0.547656 0.835156 0.060937 0.064062
0 0.807031 0.546875 0.092188 0.081250
4 0.128906 0.759375 0.135937 0.087500
1 0.151563 0.810937 0.112500 0.012500
11 0.228906 0.752344 0.039062 0.101562
13 0.064844 0.658594 0.029687 0.082812
3 0.096875 0.658594 0.031250 0.032813
6 0.085938 0.584375 0.050000 0.028125
7 0.082812 0.535156 0.040625 0.054688
15 0.085938 0.480469 0.021875 0.039062
7 0.096875 0.400781 0.040625 0.060937
6 0.100000 0.332813 0.046875 0.028125
8 0.133594 0.208594 0.110937 0.057813
15 0.209375 0.132812 0.053125 0.009375
15 0.456250 0.121875 0.046875 0.028125
15 0.638281 0.118750 0.045312 0.021875
2 0.950000 0.184375 0.037500 0.037500
2 0.949219 0.400000 0.039062 0.037500
2 0.846094 0.400781 0.032813 0.035937
2 0.846094 0.185938 0.032813 0.037500
5 0.953125 0.295312 0.046875 0.150000
5 0.892187 0.401562 0.053125 0.050000
5 0.799219 0.402344 0.051562 0.045312
5 0.892969 0.185156 0.048438 0.051562
5 0.799219 0.185938 0.051562 0.053125
2 0.843750 0.292187 0.062500 0.078125
1 0.850000 0.143750 0.243750 0.009375
12 0.656250 0.285156 0.009375 0.082812
2 0.654687 0.318750 0.034375 0.237500
17 0.655469 0.548438 0.032813 0.078125
17 0.828125 0.469531 0.028125 0.060937
2 0.485156 0.559375 0.126562 0.056250
3 0.521875 0.603125 0.031250 0.028125
3 0.485156 0.602344 0.029687 0.029687
3 0.446094 0.602344 0.032813 0.029687
3 0.521094 0.516406 0.035937 0.029687
3 0.483594 0.517188 0.032813 0.028125
3 0.445312 0.517188 0.031250 0.028125
7 0.609375 0.679688 0.040625 0.059375
9 0.608594 0.769531 0.042188 0.060937
2 0.609375 0.723437 0.040625 0.028125
10 0.487500 0.683594 0.050000 0.057813
2 0.484375 0.736719 0.040625 0.045312
2 0.482812 0.779687 0.040625 0.040625
11 0.434375 0.711719 0.043750 0.123438
17 0.396875 0.531250 0.031250 0.031250
17 0.397656 0.597656 0.029687 0.098437
17 0.353125 0.531250 0.056250 0.031250
3 0.365625 0.593750 0.028125 0.031250
4 0.325781 0.717969 0.132812 0.104688
1 0.358594 0.778906 0.104688 0.007812
7 0.382031 0.804688 0.060937 0.034375
14 0.321875 0.811719 0.059375 0.054688
15 0.269531 0.794531 0.017188 0.020313
16 0.484375 0.875781 0.068750 0.023438
1 0.483594 0.894531 0.089063 0.010937
1 0.546875 0.142969 0.109375 0.010937
1 0.334375 0.142969 0.175000 0.010937
1 0.146094 0.142969 0.057813 0.010937
11 0.424219 0.375000 0.035937 0.112500
11 0.424219 0.191406 0.039062 0.082812
12 0.425781 0.272656 0.007812 0.064062
2 0.424219 0.275000 0.039062 0.084375
13 0.216406 0.185938 0.032813 0.075000
13 0.217187 0.352344 0.031250 0.039062
3 0.249219 0.185156 0.029687 0.032813
13 0.596875 0.175781 0.034375 0.054688
13 0.614063 0.350781 0.031250 0.082812
3 0.584375 0.353906 0.025000 0.032813
11 0.575781 0.410938 0.114062 0.040625
4 0.563281 0.252344 0.132812 0.104688
4 0.269531 0.277344 0.132812 0.104688
