0 0.154688 0.163281 0.093750 0.095312
0 0.431250 0.170313 0.078125 0.075000
0 0.500000 0.282813 0.056250 0.040625
0 0.496875 0.426563 0.059375 0.059375
0 0.574219 0.421875 0.073438 0.075000
0 0.649219 0.494531 0.073438 0.076563
0 0.574219 0.572656 0.073438 0.076563
0 0.793750 0.489844 0.062500 0.060937
0 0.803125 0.340625 0.062500 0.040625
2 0.218750 0.093750 0.056250 0.040625
2 0.136719 0.675000 0.035937 0.281250
2 0.361719 0.781250 0.048438 0.046875
2 0.279687 0.343750 0.065625 0.112500
2 0.356250 0.100781 0.200000 0.051562
2 0.282031 0.164844 0.048438 0.076563
9 0.415625 0.100781 0.059375 0.035937
7 0.280469 0.171875 0.042188 0.050000
7 0.435937 0.412500 0.050000 0.071875
7 0.879687 0.482812 0.053125 0.075000
8 0.871094 0.292187 0.064062 0.137500
1 0.911719 0.303906 0.010937 0.101562
6 0.875000 0.403125 0.059375 0.037500
15 0.801562 0.232813 0.059375 0.021875
3 0.847656 0.577344 0.029687 0.035937
3 0.327344 0.316406 0.029687 0.039062
3 0.327344 0.369531 0.026562 0.039062
3 0.232031 0.367969 0.026562 0.039062
3 0.231250 0.316406 0.025000 0.039062
3 0.707812 0.359375 0.031250 0.040625
4 0.819531 0.689063 0.170313 0.140625
4 0.491406 0.710156 0.164062 0.142187
4 0.681250 0.272656 0.162500 0.098437
1 0.713281 0.217188 0.101562 0.012500
1 0.503125 0.217188 0.050000 0.012500
1 0.757812 0.821094 0.150000 0.014063
1 0.564063 0.821094 0.084375 0.010937
1 0.257031 0.821875 0.217188 0.015625
1 0.546875 0.051562 0.137500 0.015625
17 0.137500 0.496875 0.037500 0.075000
15 0.421094 0.259375 0.023438 0.071875
15 0.106250 0.915625 0.056250 0.028125
15 0.875000 0.915625 0.059375 0.031250
13 0.885938 0.578125 0.037500 0.096875
13 0.884375 0.785937 0.037500 0.059375
11 0.643750 0.719531 0.050000 0.189062
11 0.469531 0.567187 0.120313 0.050000
11 0.690625 0.424219 0.137500 0.048438
6 0.440625 0.342187 0.059375 0.040625
16 0.461719 0.853906 0.079687 0.039062
13 0.428125 0.793750 0.037500 0.040625
13 0.430469 0.619531 0.039062 0.051562
13 0.743750 0.357812 0.037500 0.081250
5 0.367188 0.640625 0.065625 0.187500
5 0.263281 0.517969 0.051562 0.051562
5 0.273438 0.778125 0.071875 0.071875
12 0.132812 0.660156 0.012500 0.104688
2 0.271094 0.640625 0.067187 0.115625
