1 0.065625 0.351562 0.009375 0.118750
1 0.064844 0.505469 0.010937 0.095312
1 0.064844 0.701562 0.007812 0.162500
1 0.274219 0.239844 0.035937 0.007812
1 0.379688 0.239063 0.046875 0.009375
1 0.514062 0.239844 0.125000 0.007812
1 0.725000 0.266406 0.115625 0.007812
1 0.835938 0.264844 0.046875 0.007812
1 0.923438 0.448437 0.006250 0.046875
1 0.924219 0.624219 0.004687 0.048438
15 0.842969 0.435156 0.060937 0.014063
12 0.803906 0.367188 0.007812 0.087500
12 0.203906 0.827344 0.085938 0.010937
13 0.111719 0.258594 0.060937 0.029687
13 0.267188 0.258594 0.050000 0.029687
13 0.316406 0.260156 0.045312 0.026562
11 0.114062 0.432031 0.093750 0.035937
11 0.250781 0.432031 0.051562 0.035937
17 0.178125 0.441406 0.028125 0.017188
17 0.207813 0.440625 0.028125 0.018750
17 0.567969 0.784375 0.023438 0.096875
15 0.433594 0.424219 0.020313 0.045312
3 0.313281 0.286719 0.023438 0.023438
4 0.192969 0.310937 0.107813 0.134375
4 0.142187 0.539062 0.090625 0.109375
4 0.696875 0.368750 0.112500 0.090625
13 0.085156 0.581250 0.029687 0.028125
13 0.217188 0.580469 0.056250 0.026562
13 0.655469 0.427344 0.026562 0.029687
13 0.655469 0.296875 0.026562 0.056250
13 0.468750 0.345313 0.037500 0.090625
13 0.464062 0.416406 0.025000 0.042188
13 0.464062 0.278906 0.025000 0.045312
5 0.204687 0.625000 0.150000 0.050000
5 0.102344 0.710156 0.054688 0.104688
5 0.303906 0.710156 0.045312 0.085938
5 0.604688 0.349219 0.068750 0.132812
2 0.614844 0.433594 0.045312 0.029687
0 0.509375 0.449219 0.053125 0.004687
3 0.503906 0.346094 0.029687 0.032813
8 0.393750 0.271094 0.100000 0.054688
7 0.428906 0.325781 0.032813 0.051562
7 0.902344 0.321875 0.029687 0.034375
7 0.669531 0.632031 0.054688 0.035937
9 0.778906 0.632812 0.045312 0.031250
2 0.725781 0.632812 0.167187 0.034375
2 0.718750 0.536719 0.106250 0.032813
17 0.791406 0.535937 0.035937 0.034375
10 0.638281 0.539844 0.045312 0.039062
14 0.834375 0.518750 0.037500 0.037500
6 0.839844 0.397656 0.020313 0.039062
3 0.677344 0.297656 0.014063 0.026562
0 0.835156 0.272656 0.045312 0.004687
0 0.844531 0.604688 0.051562 0.003125
0 0.532031 0.654687 0.004687 0.043750
0 0.257031 0.458594 0.048438 0.004687
0 0.334375 0.423438 0.003125 0.046875
5 0.101562 0.343750 0.046875 0.053125
3 0.219531 0.557031 0.026562 0.020313
2 0.203906 0.819531 0.235937 0.029687
15 0.597656 0.762500 0.020313 0.056250
7 0.555469 0.713281 0.032813 0.029687
6 0.511719 0.707031 0.023438 0.042188
2 0.460938 0.684375 0.031250 0.112500
2 0.461719 0.532031 0.129688 0.057813
3 0.427344 0.496094 0.026562 0.010937
3 0.460156 0.496094 0.026562 0.017188
3 0.494531 0.495312 0.026562 0.015625
3 0.534375 0.533594 0.015625 0.026562
3 0.428125 0.572656 0.025000 0.017188
3 0.461719 0.574219 0.026562 0.014063
3 0.496875 0.573438 0.025000 0.015625
3 0.389062 0.530469 0.015625 0.023438
6 0.421094 0.374219 0.045312 0.029687
0 0.366406 0.303125 0.045312 0.003125
11 0.262500 0.551562 0.034375 0.081250
11 0.754687 0.493750 0.103125 0.034375
2 0.204687 0.710938 0.068750 0.068750
2 0.299219 0.559375 0.029687 0.071875
2 0.376563 0.818750 0.090625 0.018750
