11 0.433594 0.707031 0.035937 0.226562
11 0.058594 0.742188 0.039062 0.100000
11 0.058594 0.571875 0.039062 0.103125
11 0.352344 0.396094 0.035937 0.092188
17 0.050781 0.641406 0.023438 0.032813
17 0.050781 0.674219 0.023438 0.032813
12 0.067187 0.656250 0.006250 0.053125
2 0.071875 0.657813 0.015625 0.065625
4 0.196875 0.674219 0.128125 0.114062
13 0.247656 0.747656 0.026562 0.035937
13 0.247656 0.600000 0.026562 0.037500
13 0.202344 0.469531 0.029687 0.089063
13 0.445312 0.322656 0.118750 0.035937
13 0.281250 0.635156 0.028125 0.079687
13 0.317188 0.603125 0.037500 0.025000
13 0.280469 0.789062 0.026562 0.031250
13 0.247656 0.796094 0.026562 0.045312
5 0.165625 0.792969 0.103125 0.045312
1 0.160156 0.824219 0.110937 0.007812
1 0.336719 0.825781 0.110937 0.010937
1 0.515625 0.824219 0.112500 0.007812
1 0.782813 0.800000 0.221875 0.009375
1 0.226562 0.344531 0.046875 0.007812
1 0.035937 0.399219 0.009375 0.098437
14 0.320312 0.176563 0.037500 0.043750
17 0.323437 0.118750 0.031250 0.015625
0 0.313281 0.301563 0.048438 0.003125
9 0.393750 0.226562 0.046875 0.031250
7 0.485938 0.225000 0.053125 0.031250
10 0.603125 0.250781 0.043750 0.048438
17 0.367188 0.323437 0.034375 0.034375
15 0.388281 0.374219 0.017188 0.048438
15 0.170313 0.492969 0.018750 0.039062
6 0.400781 0.435937 0.045312 0.025000
6 0.155469 0.378125 0.045312 0.028125
8 0.068750 0.402344 0.056250 0.104688
7 0.161719 0.435156 0.035937 0.054688
2 0.432031 0.225000 0.167187 0.037500
2 0.710156 0.347656 0.142187 0.020313
2 0.660156 0.453906 0.123438 0.060937
2 0.789844 0.662500 0.064062 0.059375
2 0.651563 0.659375 0.025000 0.143750
4 0.324219 0.724219 0.114062 0.095312
13 0.508594 0.711719 0.101562 0.045312
3 0.506250 0.753906 0.034375 0.032813
3 0.485938 0.675781 0.031250 0.023438
3 0.528906 0.676562 0.029687 0.025000
13 0.617969 0.644531 0.023438 0.098437
13 0.617188 0.725000 0.025000 0.056250
13 0.617188 0.780469 0.025000 0.054688
13 0.516406 0.808594 0.085938 0.020313
12 0.647656 0.660937 0.007812 0.075000
4 0.266406 0.386719 0.132812 0.070312
3 0.230469 0.472656 0.023438 0.026562
7 0.394531 0.483594 0.029687 0.035937
2 0.500000 0.435937 0.031250 0.171875
3 0.627344 0.414062 0.029687 0.021875
3 0.662500 0.414062 0.025000 0.018750
3 0.696094 0.413281 0.026562 0.020313
3 0.733594 0.453906 0.020313 0.029687
3 0.627344 0.496094 0.026562 0.020313
3 0.661719 0.496094 0.026562 0.017188
3 0.696094 0.496875 0.026562 0.018750
3 0.591406 0.453125 0.014063 0.028125
5 0.754687 0.757812 0.037500 0.050000
5 0.846094 0.757812 0.129688 0.053125
5 0.882031 0.660156 0.054688 0.142187
5 0.767188 0.560156 0.046875 0.051562
5 0.822656 0.560156 0.045312 0.051562
2 0.882812 0.564844 0.037500 0.039062
2 0.800781 0.825781 0.026562 0.026562
3 0.839844 0.841406 0.051562 0.051562
0 0.574219 0.316406 0.004687 0.054688
0 0.472656 0.489063 0.004687 0.046875
0 0.544531 0.592187 0.085938 0.006250
0 0.408594 0.621875 0.004687 0.046875
0 0.368750 0.490625 0.003125 0.050000
0 0.149219 0.491406 0.004687 0.045312
0 0.235156 0.522656 0.051562 0.007812
2 0.801562 0.389844 0.028125 0.104688
