13 0.128906 0.156250 0.048438 0.143750
13 0.247656 0.114062 0.185938 0.056250
3 0.241406 0.179688 0.057813 0.059375
0 0.161719 0.342187 0.042188 0.062500
7 0.127344 0.413281 0.045312 0.054688
6 0.219531 0.307031 0.045312 0.073438
0 0.222656 0.440625 0.060937 0.006250
11 0.182812 0.483594 0.156250 0.057813
13 0.125000 0.531250 0.040625 0.037500
13 0.125000 0.728125 0.040625 0.059375
1 0.164062 0.767969 0.118750 0.014063
1 0.558594 0.768750 0.129688 0.015625
1 0.764844 0.767188 0.160938 0.015625
2 0.426563 0.103906 0.150000 0.039062
5 0.387500 0.232031 0.075000 0.220312
12 0.647656 0.219531 0.010937 0.120313
17 0.638281 0.113281 0.032813 0.054688
2 0.639844 0.232031 0.029687 0.179688
10 0.621875 0.445312 0.062500 0.068750
17 0.627344 0.510156 0.051562 0.057813
7 0.629687 0.584375 0.046875 0.068750
9 0.625000 0.717969 0.040625 0.073438
2 0.627344 0.650000 0.060937 0.218750
5 0.703125 0.711719 0.075000 0.085938
13 0.885156 0.705469 0.045312 0.107813
13 0.884375 0.466406 0.040625 0.076563
11 0.878906 0.325000 0.051562 0.206250
11 0.825000 0.253906 0.056250 0.057813
11 0.825000 0.398438 0.056250 0.059375
15 0.894531 0.192188 0.023438 0.050000
0 0.821875 0.184375 0.046875 0.062500
7 0.762500 0.109375 0.053125 0.046875
6 0.692187 0.177344 0.059375 0.035937
13 0.682031 0.271875 0.039062 0.096875
3 0.717969 0.274219 0.032813 0.042188
0 0.700781 0.326562 0.070312 0.006250
4 0.817969 0.575781 0.173437 0.160938
0 0.603906 0.132031 0.007812 0.101562
2 0.462500 0.595313 0.062500 0.193750
3 0.412500 0.590625 0.034375 0.046875
3 0.412500 0.656250 0.034375 0.046875
3 0.510156 0.591406 0.035937 0.045312
3 0.510938 0.657813 0.034375 0.043750
0 0.428125 0.817187 0.006250 0.084375
7 0.259375 0.900781 0.043750 0.051562
14 0.269531 0.822656 0.064062 0.070312
3 0.161719 0.729688 0.032813 0.043750
4 0.190625 0.624219 0.168750 0.145313
0 0.337500 0.495312 0.006250 0.084375
15 0.125781 0.250000 0.042188 0.021875
16 0.645312 0.825000 0.075000 0.043750
