1 0.253906 0.814062 0.010937 0.096875
1 0.165625 0.454688 0.009375 0.078125
1 0.835938 0.131250 0.009375 0.212500
1 0.834375 0.424219 0.009375 0.095312
1 0.834375 0.656250 0.009375 0.153125
1 0.833594 0.872656 0.007812 0.085938
1 0.619531 0.937500 0.048438 0.009375
1 0.432812 0.938281 0.028125 0.007812
4 0.306250 0.875000 0.093750 0.115625
13 0.383594 0.920313 0.057813 0.028125
13 0.300000 0.674219 0.050000 0.029687
13 0.463281 0.674219 0.076563 0.029687
13 0.616406 0.567188 0.076563 0.028125
13 0.790625 0.567969 0.078125 0.026562
13 0.644531 0.353906 0.064062 0.029687
13 0.800781 0.354688 0.057813 0.028125
11 0.321875 0.714062 0.128125 0.037500
11 0.595313 0.393750 0.034375 0.106250
11 0.778125 0.914062 0.106250 0.037500
11 0.328906 0.497656 0.107813 0.032813
2 0.600781 0.049219 0.035937 0.035937
2 0.703906 0.142969 0.070312 0.067187
2 0.804688 0.048438 0.037500 0.037500
2 0.803906 0.146875 0.042188 0.028125
2 0.473438 0.449219 0.050000 0.114062
2 0.475000 0.300000 0.071875 0.028125
12 0.695312 0.318750 0.071875 0.009375
2 0.677344 0.318750 0.214062 0.025000
15 0.856250 0.318750 0.021875 0.043750
5 0.802344 0.188281 0.045312 0.054688
5 0.801562 0.103906 0.046875 0.051562
5 0.700781 0.047656 0.139063 0.045312
5 0.603906 0.142188 0.048438 0.087500
0 0.475781 0.190625 0.073438 0.081250
0 0.218750 0.395312 0.059375 0.050000
16 0.183594 0.457031 0.023438 0.060937
1 0.268750 0.560937 0.012500 0.090625
4 0.375781 0.629688 0.092188 0.118750
4 0.703906 0.610938 0.095312 0.115625
4 0.725781 0.397656 0.092188 0.120313
12 0.723437 0.534375 0.059375 0.009375
2 0.735938 0.532031 0.187500 0.026562
3 0.644531 0.383594 0.026562 0.023438
3 0.510156 0.486719 0.023438 0.029687
3 0.512500 0.450000 0.025000 0.028125
3 0.512500 0.413281 0.025000 0.029687
3 0.436719 0.486719 0.026562 0.029687
3 0.436719 0.450000 0.026562 0.028125
3 0.437500 0.412500 0.025000 0.028125
3 0.616406 0.594531 0.029687 0.023438
3 0.383594 0.892187 0.029687 0.025000
14 0.239063 0.627344 0.050000 0.048438
7 0.247656 0.574219 0.029687 0.051562
7 0.357031 0.343750 0.054688 0.037500
7 0.678906 0.767187 0.076563 0.037500
7 0.489844 0.915625 0.048438 0.037500
15 0.543750 0.921875 0.043750 0.025000
15 0.254688 0.668750 0.018750 0.015625
15 0.853125 0.525781 0.028125 0.045312
15 0.847656 0.782031 0.014063 0.045312
9 0.276562 0.344531 0.056250 0.035937
2 0.267188 0.453906 0.037500 0.035937
2 0.306250 0.453906 0.040625 0.035937
10 0.353125 0.449219 0.053125 0.045312
3 0.464062 0.647656 0.031250 0.023438
0 0.481250 0.538281 0.056250 0.054688
0 0.600781 0.477344 0.054688 0.054688
0 0.602344 0.713281 0.057813 0.051562
0 0.703125 0.831250 0.046875 0.040625
0 0.788281 0.764063 0.045312 0.043750
0 0.484375 0.846875 0.046875 0.053125
0 0.426563 0.768750 0.062500 0.053125
6 0.442188 0.910937 0.021875 0.043750
6 0.682813 0.910937 0.021875 0.043750
8 0.608594 0.882031 0.064062 0.104688
17 0.742188 0.875781 0.031250 0.039062
17 0.741406 0.793750 0.029687 0.031250
17 0.741406 0.762500 0.029687 0.028125
17 0.821875 0.871875 0.015625 0.050000
17 0.821094 0.822656 0.017188 0.045312
17 0.821875 0.772656 0.012500 0.048438
17 0.594531 0.532031 0.029687 0.026562
17 0.625000 0.532813 0.031250 0.025000
17 0.484375 0.715625 0.053125 0.043750
2 0.418750 0.714062 0.059375 0.037500
5 0.802344 0.637500 0.048438 0.090625
2 0.316406 0.343750 0.135937 0.037500
