11 0.606250 0.199219 0.053125 0.185938
8 0.716406 0.145313 0.148438 0.078125
15 0.780469 0.219531 0.023438 0.048438
6 0.760938 0.289844 0.062500 0.032813
7 0.770312 0.340625 0.043750 0.046875
0 0.645312 0.342969 0.006250 0.067187
0 0.629687 0.340625 0.006250 0.075000
0 0.746094 0.388281 0.089063 0.007812
0 0.654687 0.707812 0.003125 0.071875
0 0.637500 0.706250 0.006250 0.075000
0 0.289844 0.710156 0.004687 0.070312
1 0.268750 0.194531 0.012500 0.176563
1 0.271094 0.511719 0.014063 0.210938
1 0.394531 0.780469 0.014063 0.129688
13 0.322656 0.125000 0.076563 0.037500
13 0.532813 0.125000 0.075000 0.037500
4 0.429688 0.189844 0.134375 0.170313
2 0.304688 0.280469 0.040625 0.042188
5 0.321094 0.337500 0.070312 0.068750
12 0.429688 0.369531 0.078125 0.007812
2 0.428125 0.363281 0.121875 0.026562
5 0.325000 0.471875 0.071875 0.165625
5 0.442969 0.425781 0.160938 0.073438
13 0.535937 0.428125 0.025000 0.071875
2 0.453906 0.528906 0.104688 0.060937
12 0.461719 0.651563 0.107813 0.009375
2 0.463281 0.646094 0.145313 0.026562
2 0.728906 0.558594 0.120313 0.060937
14 0.359375 0.849219 0.056250 0.057813
17 0.374219 0.891406 0.026562 0.017188
3 0.704688 0.513281 0.037500 0.026562
3 0.756250 0.514844 0.040625 0.023438
3 0.704688 0.603125 0.040625 0.025000
3 0.755469 0.602344 0.039062 0.026562
10 0.760938 0.703906 0.059375 0.064062
2 0.764062 0.817969 0.053125 0.164062
7 0.764844 0.777344 0.042188 0.064062
9 0.695312 0.875000 0.084375 0.050000
12 0.539062 0.877344 0.068750 0.010937
13 0.573438 0.875000 0.137500 0.050000
3 0.596875 0.833594 0.040625 0.029687
13 0.518750 0.686719 0.040625 0.039062
5 0.447656 0.760156 0.095312 0.179688
11 0.449219 0.875000 0.095312 0.050000
