14 0.893750 0.393750 0.050000 0.046875
17 0.977344 0.399219 0.017188 0.039062
9 0.872656 0.494531 0.039062 0.064062
7 0.873438 0.650000 0.046875 0.065625
7 0.874219 0.608594 0.048438 0.354687
7 0.828125 0.752344 0.043750 0.067187
7 0.746094 0.857031 0.039062 0.117188
7 0.612500 0.848437 0.021875 0.131250
3 0.625000 0.687500 0.034375 0.021875
3 0.585156 0.685156 0.035937 0.023438
3 0.543750 0.685937 0.034375 0.025000
3 0.625000 0.598437 0.031250 0.025000
3 0.584375 0.600000 0.034375 0.025000
3 0.542969 0.598437 0.035937 0.025000
2 0.585938 0.642969 0.140625 0.064062
10 0.742969 0.514844 0.048438 0.060937
2 0.743750 0.599219 0.034375 0.082812
15 0.677344 0.536719 0.060937 0.020313
17 0.740625 0.454688 0.043750 0.046875
17 0.346094 0.050781 0.048438 0.020313
17 0.296875 0.050781 0.050000 0.023438
11 0.439063 0.064062 0.134375 0.046875
11 0.207031 0.063281 0.126562 0.045312
11 0.388281 0.357812 0.045312 0.121875
7 0.542969 0.528906 0.045312 0.035937
6 0.604687 0.520312 0.028125 0.053125
6 0.695312 0.172656 0.037500 0.057813
7 0.617969 0.180469 0.070312 0.042188
15 0.541406 0.193750 0.054688 0.018750
8 0.660938 0.075000 0.131250 0.071875
1 0.664844 0.032813 0.126562 0.009375
0 0.769531 0.717187 0.067187 0.003125
0 0.567188 0.783594 0.056250 0.004687
0 0.542969 0.434375 0.057813 0.006250
0 0.543750 0.420312 0.068750 0.003125
0 0.378125 0.492969 0.065625 0.004687
0 0.541406 0.172656 0.057813 0.004687
0 0.502344 0.256250 0.004687 0.065625
1 0.734375 0.273438 0.009375 0.062500
11 0.679688 0.397656 0.093750 0.045312
5 0.681250 0.292187 0.093750 0.162500
13 0.573437 0.230469 0.121875 0.039062
3 0.573437 0.267188 0.034375 0.028125
12 0.321094 0.067187 0.070312 0.009375
12 0.245313 0.492188 0.071875 0.006250
12 0.287500 0.777344 0.103125 0.010937
2 0.285937 0.768750 0.190625 0.034375
2 0.164844 0.773438 0.020313 0.025000
2 0.410156 0.772656 0.020313 0.029687
2 0.287500 0.642188 0.090625 0.068750
13 0.175000 0.271094 0.068750 0.032813
13 0.162500 0.312500 0.043750 0.034375
13 0.331250 0.313281 0.043750 0.032813
13 0.406250 0.271875 0.040625 0.034375
13 0.235156 0.271875 0.039062 0.034375
1 0.122656 0.199219 0.010937 0.157812
1 0.121875 0.374219 0.009375 0.123438
1 0.121875 0.626563 0.009375 0.187500
4 0.320312 0.210156 0.143750 0.157812
4 0.243750 0.369531 0.125000 0.148438
5 0.175781 0.134375 0.085938 0.081250
3 0.175781 0.240625 0.035937 0.028125
5 0.396875 0.642188 0.046875 0.100000
5 0.167188 0.643750 0.065625 0.134375
5 0.287500 0.539062 0.165625 0.062500
0 0.775781 0.384375 0.004687 0.065625
2 0.320312 0.075000 0.100000 0.021875
