13 0.827344 0.100000 0.051562 0.031250
13 0.826563 0.281250 0.053125 0.068750
3 0.753906 0.284375 0.092188 0.043750
4 0.699219 0.181250 0.307812 0.137500
5 0.345313 0.128125 0.165625 0.078125
12 0.170312 0.187500 0.025000 0.093750
2 0.168750 0.173437 0.059375 0.178125
11 0.254687 0.285156 0.234375 0.039062
0 0.444531 0.289062 0.132812 0.068750
0 0.442969 0.560156 0.135937 0.067187
11 0.255469 0.548438 0.235937 0.037500
12 0.166406 0.703906 0.026562 0.089063
2 0.165625 0.708594 0.059375 0.285938
13 0.826563 0.587500 0.053125 0.118750
13 0.825000 0.818750 0.059375 0.071875
4 0.698437 0.713281 0.309375 0.135937
5 0.703906 0.876563 0.289062 0.037500
3 0.752344 0.611719 0.095312 0.048438
1 0.244531 0.863281 0.089063 0.017188
1 0.496094 0.077344 0.232813 0.014063
0 0.312500 0.412500 0.131250 0.050000
6 0.191406 0.471094 0.107813 0.035937
7 0.181250 0.417187 0.084375 0.065625
