5 0.595313 0.486719 0.093750 0.104688
2 0.593750 0.603125 0.068750 0.093750
4 0.600781 0.289844 0.117188 0.254688
3 0.507031 0.251563 0.032813 0.071875
13 0.675781 0.186719 0.026562 0.054688
13 0.491406 0.189063 0.098437 0.053125
15 0.389062 0.254687 0.059375 0.162500
0 0.300781 0.601562 0.051562 0.140625
0 0.358594 0.601562 0.054688 0.096875
7 0.417969 0.599219 0.026562 0.089063
6 0.407813 0.692969 0.046875 0.067187
11 0.460938 0.692969 0.034375 0.282813
12 0.584375 0.849219 0.075000 0.017188
2 0.583594 0.839844 0.167187 0.054688
0 0.761719 0.820312 0.057813 0.096875
6 0.762500 0.707813 0.028125 0.096875
7 0.808594 0.698437 0.054688 0.075000
5 0.792188 0.472656 0.040625 0.079687
5 0.791406 0.315625 0.039062 0.078125
2 0.794531 0.393750 0.029687 0.065625
1 0.900000 0.769531 0.012500 0.129688
1 0.737500 0.396875 0.012500 0.315625
1 0.084375 0.290625 0.009375 0.128125
1 0.082812 0.657031 0.006250 0.207813
5 0.262500 0.789844 0.065625 0.145313
13 0.113281 0.850781 0.026562 0.032813
13 0.221094 0.850781 0.026562 0.032813
4 0.170313 0.748437 0.087500 0.237500
11 0.112500 0.484375 0.040625 0.075000
11 0.228125 0.487500 0.043750 0.078125
12 0.171875 0.477344 0.065625 0.023438
2 0.171875 0.484375 0.068750 0.075000
0 0.469531 0.470313 0.054688 0.121875
