1 0.351562 0.934375 0.118750 0.009375
1 0.505469 0.935156 0.095312 0.010937
1 0.701562 0.935156 0.162500 0.007812
1 0.239844 0.725781 0.007812 0.035937
1 0.239063 0.620312 0.009375 0.046875
1 0.239844 0.485938 0.007812 0.125000
1 0.266406 0.275000 0.007812 0.115625
1 0.264844 0.164062 0.007812 0.046875
1 0.448437 0.076562 0.046875 0.006250
1 0.624219 0.075781 0.048438 0.004687
15 0.435156 0.157031 0.014063 0.060937
12 0.367188 0.196094 0.087500 0.007812
12 0.827344 0.796094 0.010937 0.085938
13 0.258594 0.888281 0.029687 0.060937
13 0.258594 0.732812 0.029687 0.050000
13 0.260156 0.683594 0.026562 0.045312
11 0.432031 0.885938 0.035937 0.093750
11 0.432031 0.749219 0.035937 0.051562
17 0.441406 0.821875 0.017188 0.028125
17 0.440625 0.792187 0.018750 0.028125
17 0.784375 0.432031 0.096875 0.023438
15 0.424219 0.566406 0.045312 0.020313
3 0.286719 0.686719 0.023438 0.023438
4 0.310937 0.807031 0.134375 0.107813
4 0.539062 0.857813 0.109375 0.090625
4 0.368750 0.303125 0.090625 0.112500
13 0.581250 0.914844 0.028125 0.029687
13 0.580469 0.782812 0.026562 0.056250
13 0.427344 0.344531 0.029687 0.026562
13 0.296875 0.344531 0.056250 0.026562
13 0.345313 0.531250 0.090625 0.037500
13 0.416406 0.535938 0.042188 0.025000
13 0.278906 0.535938 0.045312 0.025000
5 0.625000 0.795313 0.050000 0.150000
5 0.710156 0.897656 0.104688 0.054688
5 0.710156 0.696094 0.085938 0.045312
5 0.349219 0.395312 0.132812 0.068750
2 0.433594 0.385156 0.029687 0.045312
0 0.449219 0.490625 0.004687 0.053125
3 0.346094 0.496094 0.032813 0.029687
8 0.271094 0.606250 0.054688 0.100000
7 0.325781 0.571094 0.051562 0.032813
7 0.321875 0.097656 0.034375 0.029687
7 0.632031 0.330469 0.035937 0.054688
9 0.632812 0.221094 0.031250 0.045312
2 0.632812 0.274219 0.034375 0.167187
2 0.536719 0.281250 0.032813 0.106250
17 0.535937 0.208594 0.034375 0.035937
10 0.539844 0.361719 0.039062 0.045312
14 0.518750 0.165625 0.037500 0.037500
6 0.397656 0.160156 0.039062 0.020313
3 0.297656 0.322656 0.026562 0.014063
0 0.272656 0.164844 0.004687 0.045312
0 0.604688 0.155469 0.003125 0.051562
0 0.654687 0.467969 0.043750 0.004687
0 0.458594 0.742969 0.004687 0.048438
0 0.423438 0.665625 0.046875 0.003125
5 0.343750 0.898438 0.053125 0.046875
3 0.557031 0.780469 0.020313 0.026562
2 0.819531 0.796094 0.029687 0.235937
15 0.762500 0.402344 0.056250 0.020313
7 0.713281 0.444531 0.029687 0.032813
6 0.707031 0.488281 0.042188 0.023438
2 0.684375 0.539062 0.112500 0.031250
2 0.532031 0.538281 0.057813 0.129688
3 0.496094 0.572656 0.010937 0.026562
3 0.496094 0.539844 0.017188 0.026562
3 0.495312 0.505469 0.015625 0.026562
3 0.533594 0.465625 0.026562 0.015625
3 0.572656 0.571875 0.017188 0.025000
3 0.574219 0.538281 0.014063 0.026562
3 0.573438 0.503125 0.015625 0.025000
3 0.530469 0.610938 0.023438 0.015625
6 0.374219 0.578906 0.029687 0.045312
0 0.303125 0.633594 0.003125 0.045312
11 0.551562 0.737500 0.081250 0.034375
11 0.493750 0.245313 0.034375 0.103125
2 0.710938 0.795313 0.068750 0.068750
2 0.559375 0.700781 0.071875 0.029687
2 0.818750 0.623437 0.018750 0.090625
