17 0.121875 0.152344 0.025000 0.035937
17 0.141406 0.371875 0.051562 0.025000
17 0.328125 0.956250 0.062500 0.050000
17 0.550000 0.966406 0.059375 0.026562
11 0.412500 0.697656 0.115625 0.045312
11 0.415625 0.639844 0.112500 0.048438
11 0.449219 0.572656 0.045312 0.082812
4 0.396875 0.819531 0.084375 0.160938
4 0.195312 0.746875 0.162500 0.128125
4 0.154688 0.267188 0.109375 0.162500
1 0.217188 0.925781 0.134375 0.010937
1 0.437500 0.925000 0.134375 0.009375
1 0.740625 0.924219 0.293750 0.010937
1 0.450781 0.177344 0.064062 0.010937
1 0.254688 0.177344 0.128125 0.010937
14 0.180469 0.136719 0.067187 0.067187
7 0.252344 0.146875 0.073438 0.046875
16 0.374219 0.032031 0.085938 0.029687
0 0.457813 0.133594 0.078125 0.073438
9 0.598437 0.042969 0.071875 0.048438
9 0.682813 0.151563 0.046875 0.084375
2 0.681250 0.107031 0.050000 0.176563
2 0.610156 0.042969 0.095312 0.048438
17 0.682813 0.219531 0.043750 0.051562
10 0.548438 0.208594 0.050000 0.060937
17 0.394531 0.218750 0.026562 0.071875
17 0.360938 0.200000 0.025000 0.031250
13 0.278125 0.200781 0.137500 0.032813
13 0.348438 0.269531 0.050000 0.104688
3 0.306250 0.267969 0.037500 0.039062
6 0.412500 0.300000 0.059375 0.034375
7 0.409375 0.389062 0.050000 0.078125
0 0.475000 0.401563 0.059375 0.068750
0 0.286719 0.396094 0.070312 0.079687
11 0.346875 0.373437 0.056250 0.106250
17 0.201563 0.367969 0.046875 0.032813
14 0.170313 0.422656 0.143750 0.060937
6 0.135156 0.498437 0.060937 0.034375
7 0.130469 0.565625 0.051562 0.065625
0 0.215625 0.567188 0.065625 0.059375
0 0.286719 0.561719 0.073438 0.079687
13 0.132031 0.642188 0.039062 0.068750
13 0.132812 0.845312 0.040625 0.062500
3 0.169531 0.642969 0.035937 0.039062
5 0.302344 0.875000 0.076563 0.075000
2 0.245312 0.898438 0.034375 0.031250
13 0.478125 0.899219 0.075000 0.042188
13 0.553906 0.814844 0.039062 0.123438
3 0.516406 0.809375 0.035937 0.037500
12 0.339062 0.746094 0.009375 0.082812
2 0.591406 0.368750 0.154688 0.075000
3 0.542969 0.313281 0.039062 0.035937
3 0.590625 0.313281 0.037500 0.035937
3 0.636719 0.313281 0.039062 0.035937
3 0.637500 0.425000 0.040625 0.037500
3 0.590625 0.425000 0.037500 0.034375
3 0.543750 0.424219 0.037500 0.035937
0 0.538281 0.560937 0.073438 0.078125
13 0.733594 0.228125 0.032813 0.053125
0 0.810156 0.243750 0.098437 0.109375
17 0.878906 0.316406 0.032813 0.079687
17 0.878906 0.237500 0.035937 0.075000
2 0.879687 0.453125 0.031250 0.193750
12 0.885156 0.747656 0.010937 0.101562
2 0.884375 0.744531 0.025000 0.210938
2 0.617188 0.870312 0.046875 0.043750
2 0.725000 0.871094 0.021875 0.045312
2 0.730469 0.737500 0.070312 0.093750
2 0.617969 0.616406 0.045312 0.042188
5 0.679688 0.875000 0.059375 0.068750
5 0.774219 0.875000 0.060937 0.068750
5 0.612500 0.740625 0.059375 0.181250
5 0.727344 0.612500 0.120313 0.059375
