1 0.934375 0.351562 0.009375 0.118750
1 0.935156 0.505469 0.010937 0.095312
1 0.935156 0.701562 0.007812 0.162500
1 0.725781 0.239844 0.035937 0.007812
1 0.620312 0.239063 0.046875 0.009375
1 0.485938 0.239844 0.125000 0.007812
1 0.275000 0.266406 0.115625 0.007812
1 0.164062 0.264844 0.046875 0.007812
1 0.076562 0.448437 0.006250 0.046875
1 0.075781 0.624219 0.004687 0.048438
15 0.157031 0.435156 0.060937 0.014063
12 0.196094 0.367188 0.007812 0.087500
12 0.796094 0.827344 0.085938 0.010937
13 0.888281 0.258594 0.060937 0.029687
13 0.732812 0.258594 0.050000 0.029687
13 0.683594 0.260156 0.045312 0.026562
11 0.885938 0.432031 0.093750 0.035937
11 0.749219 0.432031 0.051562 0.035937
17 0.821875 0.441406 0.028125 0.017188
17 0.792187 0.440625 0.028125 0.018750
17 0.432031 0.784375 0.023438 0.096875
15 0.566406 0.424219 0.020313 0.045312
3 0.686719 0.286719 0.023438 0.023438
4 0.807031 0.310937 0.107813 0.134375
4 0.857813 0.539062 0.090625 0.109375
4 0.303125 0.368750 0.112500 0.090625
13 0.914844 0.581250 0.029687 0.028125
13 0.782812 0.580469 0.056250 0.026562
13 0.344531 0.427344 0.026562 0.029687
13 0.344531 0.296875 0.026562 0.056250
13 0.531250 0.345313 0.037500 0.090625
13 0.535938 0.416406 0.025000 0.042188
13 0.535938 0.278906 0.025000 0.045312
5 0.795313 0.625000 0.150000 0.050000
5 0.897656 0.710156 0.054688 0.104688
5 0.696094 0.710156 0.045312 0.085938
5 0.395312 0.349219 0.068750 0.132812
2 0.385156 0.433594 0.045312 0.029687
0 0.490625 0.449219 0.053125 0.004687
3 0.496094 0.346094 0.029687 0.032813
8 0.606250 0.271094 0.100000 0.054688
7 0.571094 0.325781 0.032813 0.051562
7 0.097656 0.321875 0.029687 0.034375
7 0.330469 0.632031 0.054688 0.035937
9 0.221094 0.632812 0.045312 0.031250
2 0.274219 0.632812 0.167187 0.034375
2 0.281250 0.536719 0.106250 0.032813
17 0.208594 0.535937 0.035937 0.034375
10 0.361719 0.539844 0.045312 0.039062
14 0.165625 0.518750 0.037500 0.037500
6 0.160156 0.397656 0.020313 0.039062
3 0.322656 0.297656 0.014063 0.026562
0 0.164844 0.272656 0.045312 0.004687
0 0.155469 0.604688 0.051562 0.003125
0 0.467969 0.654687 0.004687 0.043750
0 0.742969 0.458594 0.048438 0.004687
0 0.665625 0.423438 0.003125 0.046875
5 0.898438 0.343750 0.046875 0.053125
3 0.780469 0.557031 0.026562 0.020313
2 0.796094 0.819531 0.235937 0.029687
15 0.402344 0.762500 0.020313 0.056250
7 0.444531 0.713281 0.032813 0.029687
6 0.488281 0.707031 0.023438 0.042188
2 0.539062 0.684375 0.031250 0.112500
2 0.538281 0.532031 0.129688 0.057813
3 0.572656 0.496094 0.026562 0.010937
3 0.539844 0.496094 0.026562 0.017188
3 0.505469 0.495312 0.026562 0.015625
3 0.465625 0.533594 0.015625 0.026562
3 0.571875 0.572656 0.025000 0.017188
3 0.538281 0.574219 0.026562 0.014063
3 0.503125 0.573438 0.025000 0.015625
3 0.610938 0.530469 0.015625 0.023438
6 0.578906 0.374219 0.045312 0.029687
0 0.633594 0.303125 0.045312 0.003125
11 0.737500 0.551562 0.034375 0.081250
11 0.245313 0.493750 0.103125 0.034375
2 0.795313 0.710938 0.068750 0.068750
2 0.700781 0.559375 0.029687 0.071875
2 0.623437 0.818750 0.090625 0.018750
