0 0.801563 0.355469 0.071875 0.004687
0 0.586719 0.620313 0.114062 0.009375
0 0.428906 0.651563 0.004687 0.056250
0 0.400000 0.508594 0.003125 0.051562
0 0.509375 0.508594 0.003125 0.051562
0 0.577344 0.317188 0.004687 0.056250
0 0.148438 0.510938 0.003125 0.050000
0 0.235156 0.544531 0.057813 0.004687
17 0.462500 0.103906 0.012500 0.023438
14 0.415625 0.114844 0.043750 0.045312
1 0.474219 0.204687 0.007812 0.109375
1 0.838281 0.847656 0.245312 0.010937
1 0.543750 0.876563 0.121875 0.009375
1 0.353906 0.877344 0.120313 0.010937
1 0.158594 0.878125 0.120313 0.009375
1 0.021875 0.409375 0.009375 0.106250
1 0.267188 0.348438 0.109375 0.009375
1 0.453906 0.349219 0.029687 0.010937
9 0.528125 0.114062 0.053125 0.034375
7 0.622656 0.197656 0.039062 0.060937
10 0.617969 0.258594 0.045312 0.054688
2 0.500000 0.303906 0.037500 0.082812
2 0.621094 0.160938 0.039062 0.134375
2 0.539844 0.112500 0.120313 0.040625
17 0.700781 0.336719 0.054688 0.039062
2 0.788281 0.332813 0.101562 0.031250
15 0.421875 0.382031 0.018750 0.057813
2 0.636719 0.475000 0.060937 0.128125
2 0.854687 0.711719 0.075000 0.085938
2 0.690625 0.724219 0.025000 0.235937
2 0.947656 0.606250 0.039062 0.043750
2 0.947656 0.812500 0.039062 0.040625
5 0.953125 0.710938 0.059375 0.150000
5 0.857813 0.814063 0.118750 0.059375
5 0.857813 0.606250 0.118750 0.056250
5 0.764844 0.685156 0.039062 0.039062
5 0.765625 0.735156 0.037500 0.039062
5 0.642188 0.692187 0.046875 0.050000
5 0.640625 0.790625 0.046875 0.050000
12 0.690625 0.714844 0.009375 0.098437
5 0.900000 0.896875 0.059375 0.059375
2 0.857031 0.878125 0.023438 0.028125
3 0.678906 0.435937 0.023438 0.031250
3 0.678125 0.476562 0.021875 0.031250
3 0.679688 0.514062 0.025000 0.031250
3 0.593750 0.435937 0.021875 0.031250
3 0.593750 0.476562 0.021875 0.028125
3 0.593750 0.514844 0.021875 0.029687
5 0.635156 0.390625 0.029687 0.028125
2 0.643750 0.741406 0.040625 0.032813
3 0.540625 0.741406 0.025000 0.035937
3 0.318750 0.682813 0.025000 0.028125
17 0.458594 0.646094 0.039062 0.048438
17 0.457812 0.694531 0.040625 0.045312
17 0.335156 0.633594 0.045312 0.023438
17 0.292188 0.633594 0.040625 0.023438
17 0.039062 0.694531 0.025000 0.029687
17 0.038281 0.725781 0.020313 0.032813
12 0.056250 0.712500 0.006250 0.046875
2 0.060937 0.709375 0.021875 0.065625
11 0.049219 0.800781 0.042188 0.114062
11 0.049219 0.624219 0.045312 0.101562
11 0.457812 0.795312 0.043750 0.156250
11 0.382031 0.392969 0.039062 0.079687
17 0.382031 0.447656 0.039062 0.026562
13 0.203125 0.483594 0.031250 0.104688
13 0.288281 0.682813 0.029687 0.068750
13 0.285937 0.837500 0.028125 0.037500
13 0.494531 0.828906 0.023438 0.048438
13 0.502344 0.740625 0.042188 0.121875
13 0.495313 0.654687 0.025000 0.050000
5 0.909375 0.521094 0.025000 0.067187
7 0.428125 0.503125 0.034375 0.037500
7 0.159375 0.441406 0.037500 0.060937
3 0.243750 0.488281 0.034375 0.035937
4 0.253125 0.392969 0.137500 0.079687
4 0.337500 0.765625 0.131250 0.106250
4 0.196094 0.709375 0.139063 0.128125
13 0.250000 0.789062 0.028125 0.037500
13 0.248437 0.628125 0.028125 0.040625
13 0.249219 0.844531 0.029687 0.051562
5 0.157813 0.846875 0.100000 0.043750
6 0.433594 0.449219 0.048438 0.026562
6 0.153906 0.383594 0.054688 0.029687
15 0.168750 0.513281 0.018750 0.042188
8 0.057031 0.411719 0.057813 0.114062
13 0.047656 0.557813 0.042188 0.028125
