10 0.726562 0.646875 0.059375 0.050000
17 0.782813 0.684375 0.046875 0.043750
7 0.846875 0.684375 0.078125 0.043750
9 0.908594 0.580469 0.035937 0.057813
2 0.907813 0.617969 0.043750 0.173437
1 0.808594 0.524219 0.117188 0.007812
1 0.692187 0.446875 0.009375 0.046875
1 0.691406 0.322656 0.010937 0.117188
1 0.625781 0.032813 0.117188 0.009375
1 0.117188 0.182031 0.012500 0.132812
1 0.117969 0.350000 0.010937 0.118750
1 0.118750 0.587500 0.009375 0.175000
15 0.657031 0.510156 0.057813 0.020313
13 0.150781 0.291406 0.035937 0.032813
13 0.311719 0.291406 0.060937 0.032813
13 0.160938 0.252344 0.075000 0.032813
13 0.222656 0.253125 0.032813 0.034375
13 0.383594 0.252344 0.039062 0.032813
4 0.302344 0.194531 0.135937 0.148438
3 0.164844 0.223438 0.032813 0.021875
5 0.160938 0.131250 0.062500 0.062500
11 0.195312 0.060156 0.118750 0.042188
11 0.414062 0.060156 0.125000 0.042188
17 0.279687 0.048438 0.046875 0.021875
17 0.326562 0.049219 0.043750 0.020313
12 0.301563 0.064844 0.065625 0.007812
2 0.303125 0.072656 0.096875 0.020313
15 0.509375 0.180469 0.046875 0.017188
7 0.586719 0.168750 0.067187 0.037500
6 0.655469 0.160938 0.032813 0.056250
8 0.622656 0.070312 0.126562 0.065625
13 0.539844 0.216406 0.110937 0.035937
5 0.642188 0.278125 0.090625 0.162500
11 0.641406 0.378906 0.089063 0.042188
3 0.541406 0.250781 0.032813 0.026562
14 0.883594 0.494531 0.048438 0.042188
17 0.917969 0.510938 0.023438 0.015625
6 0.585156 0.494531 0.026562 0.054688
7 0.529687 0.502344 0.040625 0.035937
11 0.366406 0.333594 0.045312 0.114062
3 0.314844 0.325000 0.029687 0.021875
4 0.224219 0.346875 0.114062 0.140625
12 0.225000 0.458594 0.068750 0.007812
5 0.168750 0.550781 0.065625 0.154688
5 0.275781 0.506250 0.145313 0.065625
2 0.371875 0.500781 0.043750 0.045312
2 0.275000 0.596094 0.081250 0.057813
2 0.549219 0.584375 0.057813 0.103125
2 0.438281 0.723437 0.070312 0.021875
2 0.517969 0.723437 0.070312 0.025000
2 0.260937 0.723437 0.162500 0.028125
5 0.372656 0.594531 0.057813 0.054688
5 0.165625 0.649219 0.025000 0.023438
5 0.296094 0.617188 0.026562 0.025000
3 0.506250 0.559375 0.021875 0.031250
3 0.505469 0.606250 0.020313 0.031250
3 0.589844 0.560156 0.020313 0.032813
3 0.588281 0.607031 0.023438 0.035937
12 0.260156 0.728906 0.095312 0.014063
0 0.676562 0.881250 0.006250 0.075000
0 0.514062 0.414062 0.056250 0.006250
0 0.359375 0.460156 0.062500 0.004687
0 0.515625 0.399219 0.065625 0.004687
0 0.472656 0.238281 0.004687 0.064062
0 0.512500 0.160938 0.053125 0.003125
0 0.725781 0.532813 0.060937 0.009375
2 0.726562 0.829688 0.046875 0.078125
17 0.726562 0.763281 0.046875 0.048438
17 0.727344 0.895312 0.048438 0.046875
17 0.582031 0.761719 0.026562 0.060937
17 0.582031 0.824219 0.026562 0.064062
17 0.583594 0.888281 0.029687 0.064062
