11 0.500000 0.767969 0.034375 0.114062
11 0.504687 0.148438 0.034375 0.134375
11 0.575000 0.305469 0.093750 0.035937
11 0.792969 0.303906 0.098437 0.035937
15 0.439063 0.860937 0.015625 0.056250
14 0.478125 0.852344 0.037500 0.035937
2 0.543750 0.780469 0.034375 0.092188
10 0.543750 0.667969 0.040625 0.045312
7 0.640625 0.669531 0.031250 0.045312
9 0.639062 0.792969 0.031250 0.045312
2 0.639844 0.732812 0.032813 0.184375
17 0.699219 0.629688 0.064062 0.037500
17 0.764844 0.628906 0.067187 0.039062
0 0.678906 0.300000 0.004687 0.050000
0 0.689063 0.298438 0.006250 0.050000
0 0.509375 0.386719 0.050000 0.004687
0 0.440625 0.290625 0.043750 0.003125
0 0.515625 0.661719 0.003125 0.051562
0 0.610156 0.859375 0.004687 0.046875
0 0.276562 0.853125 0.003125 0.043750
0 0.770312 0.425781 0.046875 0.004687
1 0.270313 0.857813 0.009375 0.046875
1 0.268750 0.742969 0.009375 0.117188
1 0.243750 0.510156 0.006250 0.160938
1 0.242188 0.314063 0.009375 0.046875
1 0.242969 0.175781 0.007812 0.114062
1 0.598437 0.076562 0.115625 0.006250
1 0.738281 0.075781 0.092188 0.004687
13 0.539062 0.255469 0.025000 0.064062
13 0.539062 0.112500 0.025000 0.037500
13 0.827344 0.227344 0.032813 0.117188
13 0.296875 0.269531 0.065625 0.023438
13 0.314063 0.096094 0.034375 0.029687
13 0.459375 0.095313 0.034375 0.028125
13 0.457031 0.814844 0.051562 0.023438
13 0.314844 0.654687 0.035937 0.025000
13 0.442188 0.653906 0.034375 0.026562
3 0.296875 0.243750 0.028125 0.025000
3 0.603125 0.504688 0.015625 0.025000
3 0.602344 0.469531 0.017188 0.029687
3 0.603906 0.435937 0.017188 0.028125
3 0.642188 0.397656 0.028125 0.017188
3 0.678906 0.504688 0.014063 0.028125
3 0.678125 0.469531 0.015625 0.026562
3 0.678906 0.436719 0.014063 0.026562
3 0.642969 0.543750 0.029687 0.015625
3 0.564844 0.259375 0.020313 0.028125
3 0.803125 0.228125 0.021875 0.031250
3 0.457031 0.790625 0.026562 0.018750
5 0.506250 0.530469 0.050000 0.051562
5 0.507031 0.475781 0.048438 0.048438
5 0.403906 0.425000 0.139063 0.056250
5 0.300781 0.503906 0.051562 0.101562
5 0.278125 0.162500 0.037500 0.081250
2 0.383594 0.269531 0.095312 0.020313
12 0.381250 0.272656 0.059375 0.007812
8 0.272656 0.337500 0.051562 0.100000
6 0.364063 0.365625 0.025000 0.046875
6 0.775781 0.350000 0.023438 0.043750
5 0.749219 0.136719 0.126562 0.064062
2 0.828125 0.133594 0.028125 0.070312
4 0.582031 0.175000 0.107813 0.090625
4 0.387500 0.148438 0.115625 0.137500
4 0.381250 0.695312 0.090625 0.115625
12 0.380469 0.822656 0.057813 0.007812
12 0.403906 0.627344 0.085938 0.010937
7 0.411719 0.371094 0.051562 0.032813
7 0.814063 0.342969 0.031250 0.029687
7 0.326562 0.924219 0.034375 0.032813
6 0.402344 0.859375 0.042188 0.021875
2 0.315625 0.623437 0.056250 0.021875
2 0.403906 0.621875 0.114062 0.025000
2 0.378906 0.817188 0.092188 0.018750
2 0.403906 0.503125 0.092188 0.056250
2 0.302344 0.423438 0.035937 0.034375
2 0.503906 0.423438 0.035937 0.037500
2 0.775000 0.500781 0.087500 0.020313
2 0.735938 0.462500 0.009375 0.056250
15 0.755469 0.459375 0.014063 0.043750
15 0.454688 0.364062 0.015625 0.050000
5 0.381250 0.557812 0.034375 0.031250
5 0.425000 0.557812 0.031250 0.034375
