0 0.872656 0.128906 0.010937 0.098437
17 0.925000 0.194531 0.046875 0.064062
12 0.942187 0.303125 0.015625 0.112500
10 0.909375 0.432031 0.078125 0.070312
17 0.916406 0.496094 0.067187 0.057813
7 0.918750 0.568750 0.059375 0.065625
7 0.397656 0.917188 0.054688 0.050000
7 0.475000 0.402344 0.065625 0.048438
2 0.925781 0.308594 0.048438 0.167187
9 0.914844 0.696094 0.051562 0.070312
2 0.917188 0.632031 0.068750 0.210938
2 0.700000 0.305469 0.078125 0.101562
0 0.475000 0.119531 0.093750 0.010937
0 0.475781 0.528125 0.095312 0.009375
0 0.098437 0.482031 0.006250 0.067187
0 0.664062 0.814844 0.006250 0.076563
5 0.581250 0.310156 0.096875 0.198437
11 0.488281 0.287500 0.064062 0.162500
11 0.487500 0.698438 0.065625 0.162500
2 0.416406 0.758594 0.076563 0.042188
2 0.150000 0.757812 0.115625 0.040625
4 0.289062 0.687500 0.184375 0.181250
1 0.248437 0.789062 0.206250 0.012500
1 0.084375 0.603906 0.012500 0.151562
1 0.063281 0.465625 0.014063 0.096875
1 0.134375 0.229687 0.018750 0.131250
16 0.091406 0.314844 0.051562 0.082812
3 0.185156 0.313281 0.048438 0.029687
13 0.427344 0.347656 0.051562 0.042188
13 0.188281 0.349219 0.085938 0.039062
0 0.267969 0.485156 0.045312 0.057813
6 0.187500 0.415625 0.059375 0.071875
7 0.113281 0.400781 0.067187 0.048438
6 0.403906 0.415625 0.054688 0.071875
4 0.316406 0.280469 0.167187 0.176563
15 0.296875 0.390625 0.093750 0.025000
3 0.154687 0.724219 0.050000 0.026562
14 0.408594 0.843750 0.073438 0.065625
2 0.703125 0.605469 0.090625 0.135937
3 0.638281 0.578906 0.039062 0.042188
3 0.637500 0.632812 0.040625 0.046875
3 0.769531 0.578906 0.042188 0.045312
3 0.768750 0.632031 0.040625 0.045312
1 0.771875 0.744531 0.165625 0.014063
