1 0.878906 0.271875 0.057813 0.012500
1 0.913281 0.423438 0.007812 0.153125
1 0.867969 0.567969 0.079687 0.007812
1 0.774219 0.595313 0.010937 0.040625
1 0.773438 0.711719 0.012500 0.079687
1 0.603125 0.817969 0.131250 0.010937
1 0.375000 0.816406 0.109375 0.010937
1 0.139062 0.817187 0.071875 0.009375
1 0.216406 0.185938 0.229687 0.012500
1 0.439063 0.188281 0.131250 0.010937
1 0.663281 0.187500 0.204687 0.012500
13 0.565625 0.223438 0.037500 0.037500
13 0.564844 0.371875 0.035937 0.034375
13 0.739844 0.640625 0.045312 0.031250
13 0.578125 0.640625 0.043750 0.031250
4 0.658594 0.695312 0.126562 0.134375
7 0.132812 0.792188 0.043750 0.028125
7 0.659375 0.507031 0.065625 0.042188
7 0.796875 0.472656 0.043750 0.076563
0 0.799219 0.396094 0.057813 0.051562
0 0.803125 0.335156 0.056250 0.048438
0 0.647656 0.589844 0.060937 0.054688
0 0.584375 0.522656 0.062500 0.060937
0 0.268750 0.844531 0.065625 0.064062
0 0.517188 0.650000 0.065625 0.065625
6 0.734375 0.588281 0.040625 0.029687
11 0.460938 0.718750 0.040625 0.187500
16 0.488281 0.840625 0.067187 0.025000
3 0.385156 0.658594 0.026562 0.035937
3 0.385156 0.705469 0.026562 0.035937
3 0.290625 0.704688 0.028125 0.034375
3 0.290625 0.657813 0.028125 0.034375
3 0.337500 0.603906 0.037500 0.026562
3 0.336719 0.757031 0.035937 0.029687
2 0.336719 0.680469 0.067187 0.126562
2 0.133594 0.789844 0.164062 0.039062
2 0.088281 0.610156 0.070312 0.039062
2 0.075000 0.701562 0.043750 0.143750
9 0.075781 0.697656 0.042188 0.064062
17 0.190625 0.610938 0.046875 0.040625
17 0.145312 0.610156 0.043750 0.045312
17 0.174219 0.567969 0.079687 0.026562
17 0.093750 0.567969 0.078125 0.029687
0 0.092187 0.514844 0.084375 0.079687
6 0.873438 0.302344 0.034375 0.051562
8 0.842188 0.537500 0.134375 0.053125
12 0.760937 0.296875 0.009375 0.062500
13 0.521875 0.321094 0.031250 0.254688
3 0.467969 0.320312 0.032813 0.040625
3 0.385938 0.295312 0.025000 0.031250
3 0.386719 0.347656 0.026562 0.032813
2 0.425781 0.320312 0.051562 0.112500
12 0.333594 0.352344 0.007812 0.082812
2 0.257812 0.375781 0.040625 0.035937
2 0.256250 0.422656 0.040625 0.039062
2 0.190625 0.352344 0.059375 0.104688
5 0.188281 0.228906 0.129688 0.057813
5 0.089844 0.353906 0.064062 0.176563
7 0.181250 0.839063 0.065625 0.031250
14 0.125781 0.846094 0.045312 0.045312
15 0.810156 0.228906 0.017188 0.073438
5 0.606250 0.139063 0.053125 0.050000
2 0.594531 0.098437 0.032813 0.028125
4 0.619531 0.298438 0.145313 0.121875
