13 0.172656 0.100000 0.051562 0.031250
13 0.173437 0.281250 0.053125 0.068750
3 0.246094 0.284375 0.092188 0.043750
4 0.300781 0.181250 0.307812 0.137500
5 0.654687 0.128125 0.165625 0.078125
12 0.829688 0.187500 0.025000 0.093750
2 0.831250 0.173437 0.059375 0.178125
11 0.745313 0.285156 0.234375 0.039062
0 0.555469 0.289062 0.132812 0.068750
0 0.557031 0.560156 0.135937 0.067187
11 0.744531 0.548438 0.235937 0.037500
12 0.833594 0.703906 0.026562 0.089063
2 0.834375 0.708594 0.059375 0.285938
13 0.173437 0.587500 0.053125 0.118750
13 0.175000 0.818750 0.059375 0.071875
4 0.301563 0.713281 0.309375 0.135937
5 0.296094 0.876563 0.289062 0.037500
3 0.247656 0.611719 0.095312 0.048438
1 0.755469 0.863281 0.089063 0.017188
1 0.503906 0.077344 0.232813 0.014063
0 0.687500 0.412500 0.131250 0.050000
6 0.808594 0.471094 0.107813 0.035937
7 0.818750 0.417187 0.084375 0.065625
