10 0.646875 0.273438 0.050000 0.059375
17 0.684375 0.217187 0.043750 0.046875
7 0.684375 0.153125 0.043750 0.078125
9 0.580469 0.091406 0.057813 0.035937
2 0.617969 0.092187 0.173437 0.043750
1 0.524219 0.191406 0.007812 0.117188
1 0.446875 0.307813 0.046875 0.009375
1 0.322656 0.308594 0.117188 0.010937
1 0.032813 0.374219 0.009375 0.117188
1 0.182031 0.882812 0.132812 0.012500
1 0.350000 0.882031 0.118750 0.010937
1 0.587500 0.881250 0.175000 0.009375
15 0.510156 0.342969 0.020313 0.057813
13 0.291406 0.849219 0.032813 0.035937
13 0.291406 0.688281 0.032813 0.060937
13 0.252344 0.839062 0.032813 0.075000
13 0.253125 0.777344 0.034375 0.032813
13 0.252344 0.616406 0.032813 0.039062
4 0.194531 0.697656 0.148438 0.135937
3 0.223438 0.835156 0.021875 0.032813
5 0.131250 0.839062 0.062500 0.062500
11 0.060156 0.804688 0.042188 0.118750
11 0.060156 0.585938 0.042188 0.125000
17 0.048438 0.720313 0.021875 0.046875
17 0.049219 0.673438 0.020313 0.043750
12 0.064844 0.698437 0.007812 0.065625
2 0.072656 0.696875 0.020313 0.096875
15 0.180469 0.490625 0.017188 0.046875
7 0.168750 0.413281 0.037500 0.067187
6 0.160938 0.344531 0.056250 0.032813
8 0.070312 0.377344 0.065625 0.126562
13 0.216406 0.460156 0.035937 0.110937
5 0.278125 0.357812 0.162500 0.090625
11 0.378906 0.358594 0.042188 0.089063
3 0.250781 0.458594 0.026562 0.032813
14 0.494531 0.116406 0.042188 0.048438
17 0.510938 0.082031 0.015625 0.023438
6 0.494531 0.414844 0.054688 0.026562
7 0.502344 0.470313 0.035937 0.040625
11 0.333594 0.633594 0.114062 0.045312
3 0.325000 0.685156 0.021875 0.029687
4 0.346875 0.775781 0.140625 0.114062
12 0.458594 0.775000 0.007812 0.068750
5 0.550781 0.831250 0.154688 0.065625
5 0.506250 0.724219 0.065625 0.145313
2 0.500781 0.628125 0.045312 0.043750
2 0.596094 0.725000 0.057813 0.081250
2 0.584375 0.450781 0.103125 0.057813
2 0.723437 0.561719 0.021875 0.070312
2 0.723437 0.482031 0.025000 0.070312
2 0.723437 0.739063 0.028125 0.162500
5 0.594531 0.627344 0.054688 0.057813
5 0.649219 0.834375 0.023438 0.025000
5 0.617188 0.703906 0.025000 0.026562
3 0.559375 0.493750 0.031250 0.021875
3 0.606250 0.494531 0.031250 0.020313
3 0.560156 0.410156 0.032813 0.020313
3 0.607031 0.411719 0.035937 0.023438
12 0.728906 0.739844 0.014063 0.095312
0 0.881250 0.323438 0.075000 0.006250
0 0.414062 0.485938 0.006250 0.056250
0 0.460156 0.640625 0.004687 0.062500
0 0.399219 0.484375 0.004687 0.065625
0 0.238281 0.527344 0.064062 0.004687
0 0.160938 0.487500 0.003125 0.053125
0 0.532813 0.274219 0.009375 0.060937
2 0.829688 0.273438 0.078125 0.046875
17 0.763281 0.273438 0.048438 0.046875
17 0.895312 0.272656 0.046875 0.048438
17 0.761719 0.417969 0.060937 0.026562
17 0.824219 0.417969 0.064062 0.026562
17 0.888281 0.416406 0.064062 0.029687
