14 0.106250 0.393750 0.050000 0.046875
17 0.022656 0.399219 0.017188 0.039062
9 0.127344 0.494531 0.039062 0.064062
7 0.126562 0.650000 0.046875 0.065625
7 0.125781 0.608594 0.048438 0.354687
7 0.171875 0.752344 0.043750 0.067187
7 0.253906 0.857031 0.039062 0.117188
7 0.387500 0.848437 0.021875 0.131250
3 0.375000 0.687500 0.034375 0.021875
3 0.414844 0.685156 0.035937 0.023438
3 0.456250 0.685937 0.034375 0.025000
3 0.375000 0.598437 0.031250 0.025000
3 0.415625 0.600000 0.034375 0.025000
3 0.457031 0.598437 0.035937 0.025000
2 0.414062 0.642969 0.140625 0.064062
10 0.257031 0.514844 0.048438 0.060937
2 0.256250 0.599219 0.034375 0.082812
15 0.322656 0.536719 0.060937 0.020313
17 0.259375 0.454688 0.043750 0.046875
17 0.653906 0.050781 0.048438 0.020313
17 0.703125 0.050781 0.050000 0.023438
11 0.560937 0.064062 0.134375 0.046875
11 0.792969 0.063281 0.126562 0.045312
11 0.611719 0.357812 0.045312 0.121875
7 0.457031 0.528906 0.045312 0.035937
6 0.395313 0.520312 0.028125 0.053125
6 0.304688 0.172656 0.037500 0.057813
7 0.382031 0.180469 0.070312 0.042188
15 0.458594 0.193750 0.054688 0.018750
8 0.339062 0.075000 0.131250 0.071875
1 0.335156 0.032813 0.126562 0.009375
0 0.230469 0.717187 0.067187 0.003125
0 0.432812 0.783594 0.056250 0.004687
0 0.457031 0.434375 0.057813 0.006250
0 0.456250 0.420312 0.068750 0.003125
0 0.621875 0.492969 0.065625 0.004687
0 0.458594 0.172656 0.057813 0.004687
0 0.497656 0.256250 0.004687 0.065625
1 0.265625 0.273438 0.009375 0.062500
11 0.320312 0.397656 0.093750 0.045312
5 0.318750 0.292187 0.093750 0.162500
13 0.426563 0.230469 0.121875 0.039062
3 0.426563 0.267188 0.034375 0.028125
12 0.678906 0.067187 0.070312 0.009375
12 0.754687 0.492188 0.071875 0.006250
12 0.712500 0.777344 0.103125 0.010937
2 0.714063 0.768750 0.190625 0.034375
2 0.835156 0.773438 0.020313 0.025000
2 0.589844 0.772656 0.020313 0.029687
2 0.712500 0.642188 0.090625 0.068750
13 0.825000 0.271094 0.068750 0.032813
13 0.837500 0.312500 0.043750 0.034375
13 0.668750 0.313281 0.043750 0.032813
13 0.593750 0.271875 0.040625 0.034375
13 0.764844 0.271875 0.039062 0.034375
1 0.877344 0.199219 0.010937 0.157812
1 0.878125 0.374219 0.009375 0.123438
1 0.878125 0.626563 0.009375 0.187500
4 0.679688 0.210156 0.143750 0.157812
4 0.756250 0.369531 0.125000 0.148438
5 0.824219 0.134375 0.085938 0.081250
3 0.824219 0.240625 0.035937 0.028125
5 0.603125 0.642188 0.046875 0.100000
5 0.832812 0.643750 0.065625 0.134375
5 0.712500 0.539062 0.165625 0.062500
0 0.224219 0.384375 0.004687 0.065625
2 0.679688 0.075000 0.100000 0.021875
