0 0.104688 0.708594 0.096875 0.110937
0 0.481250 0.839063 0.084375 0.075000
0 0.750000 0.607031 0.087500 0.076563
0 0.735156 0.456250 0.070312 0.062500
0 0.650781 0.525781 0.073438 0.082812
0 0.414062 0.334375 0.075000 0.084375
0 0.515625 0.689063 0.062500 0.068750
1 0.172656 0.108594 0.260937 0.010937
1 0.525000 0.096094 0.137500 0.010937
1 0.787500 0.071094 0.209375 0.014063
12 0.410156 0.052344 0.057813 0.026562
12 0.638281 0.042969 0.064062 0.039062
12 0.665625 0.801562 0.071875 0.018750
2 0.066406 0.153906 0.048438 0.051562
2 0.065625 0.414062 0.050000 0.050000
2 0.178906 0.289844 0.073438 0.110937
2 0.270313 0.544531 0.156250 0.070312
2 0.251563 0.827344 0.050000 0.223438
2 0.328906 0.914062 0.101562 0.053125
9 0.318750 0.913281 0.068750 0.051562
7 0.251563 0.803906 0.050000 0.089063
17 0.250000 0.689063 0.046875 0.053125
10 0.383594 0.700781 0.060937 0.073438
7 0.453125 0.725000 0.050000 0.121875
7 0.663281 0.845313 0.073438 0.043750
5 0.760938 0.111719 0.156250 0.054688
11 0.403125 0.217188 0.050000 0.140625
11 0.531250 0.532031 0.137500 0.054688
11 0.531250 0.400781 0.137500 0.051562
13 0.900000 0.157812 0.037500 0.065625
13 0.899219 0.371875 0.039062 0.084375
2 0.941406 0.270313 0.042188 0.287500
4 0.835938 0.260937 0.168750 0.137500
3 0.861719 0.370312 0.035937 0.040625
12 0.632031 0.252344 0.007812 0.082812
2 0.631250 0.203125 0.040625 0.253125
8 0.889844 0.492188 0.070312 0.134375
1 0.933594 0.471875 0.014063 0.065625
6 0.814063 0.528906 0.037500 0.057813
7 0.742969 0.533594 0.070312 0.051562
15 0.882812 0.581250 0.087500 0.025000
13 0.905469 0.675781 0.035937 0.145313
13 0.905469 0.777344 0.039062 0.051562
4 0.814063 0.871094 0.193750 0.139063
1 0.829688 0.950000 0.121875 0.012500
11 0.742969 0.732812 0.051562 0.140625
3 0.869531 0.696875 0.035937 0.043750
6 0.585156 0.695312 0.035937 0.062500
1 0.507812 0.792188 0.065625 0.012500
14 0.586719 0.835156 0.067187 0.070312
16 0.504687 0.926562 0.087500 0.031250
13 0.477344 0.124219 0.079687 0.042188
4 0.560156 0.196875 0.082812 0.184375
13 0.576562 0.326562 0.050000 0.081250
3 0.533594 0.326562 0.039062 0.043750
12 0.346094 0.288281 0.010937 0.104688
5 0.167969 0.153906 0.126562 0.067187
5 0.064844 0.286719 0.067187 0.182812
17 0.042969 0.614062 0.023438 0.093750
17 0.042969 0.706250 0.023438 0.090625
17 0.198437 0.707812 0.034375 0.087500
3 0.221875 0.491406 0.037500 0.035937
3 0.270313 0.491406 0.040625 0.035937
3 0.317969 0.491406 0.042188 0.035937
3 0.221875 0.599219 0.040625 0.035937
3 0.269531 0.598437 0.039062 0.034375
3 0.317188 0.597656 0.040625 0.035937
1 0.932813 0.657031 0.012500 0.085938
2 0.359375 0.245312 0.012500 0.259375
