1 0.275781 0.811719 0.014063 0.176563
1 0.273438 0.491406 0.012500 0.210938
1 0.398438 0.221094 0.012500 0.132812
5 0.335156 0.528125 0.073438 0.171875
5 0.444531 0.575781 0.139063 0.076563
2 0.463281 0.470313 0.104688 0.053125
5 0.575781 0.467969 0.054688 0.051562
2 0.535937 0.575781 0.037500 0.076563
12 0.466406 0.352344 0.104688 0.010937
2 0.467969 0.357812 0.145313 0.025000
12 0.542969 0.123437 0.067187 0.009375
2 0.575000 0.125781 0.143750 0.051562
13 0.525000 0.314844 0.046875 0.039062
13 0.537500 0.877344 0.100000 0.042188
13 0.323437 0.880469 0.053125 0.039062
14 0.364844 0.151563 0.051562 0.059375
17 0.379688 0.108594 0.025000 0.017188
11 0.454688 0.125781 0.093750 0.051562
4 0.453906 0.235156 0.095312 0.160938
3 0.601562 0.169531 0.040625 0.029687
0 0.643750 0.296875 0.006250 0.075000
0 0.293750 0.292188 0.006250 0.075000
0 0.635938 0.664062 0.003125 0.075000
0 0.653125 0.661719 0.006250 0.067187
0 0.750000 0.614844 0.087500 0.004687
4 0.419531 0.815625 0.135937 0.168750
12 0.420312 0.631250 0.078125 0.009375
2 0.420312 0.638281 0.121875 0.029687
3 0.550781 0.841406 0.039062 0.026562
2 0.505469 0.640625 0.029687 0.018750
2 0.334375 0.641406 0.031250 0.020313
11 0.611719 0.806250 0.048438 0.184375
9 0.728125 0.125781 0.140625 0.051562
7 0.771875 0.208594 0.053125 0.117188
10 0.767969 0.301562 0.060937 0.065625
2 0.736719 0.443750 0.123438 0.062500
3 0.711719 0.489844 0.039062 0.026562
3 0.763281 0.489062 0.039062 0.025000
3 0.710938 0.399219 0.040625 0.026562
3 0.763281 0.399219 0.042188 0.026562
7 0.776563 0.662500 0.043750 0.050000
6 0.767188 0.716406 0.062500 0.029687
15 0.787500 0.786719 0.021875 0.048438
8 0.724219 0.860156 0.148438 0.079687
