1 0.188281 0.275781 0.176563 0.014063
1 0.508594 0.273438 0.210938 0.012500
1 0.778906 0.398438 0.132812 0.012500
5 0.471875 0.335156 0.171875 0.073438
5 0.424219 0.444531 0.076563 0.139063
2 0.529687 0.463281 0.053125 0.104688
5 0.532031 0.575781 0.051562 0.054688
2 0.424219 0.535937 0.076563 0.037500
12 0.647656 0.466406 0.010937 0.104688
2 0.642188 0.467969 0.025000 0.145313
12 0.876563 0.542969 0.009375 0.067187
2 0.874219 0.575000 0.051562 0.143750
13 0.685156 0.525000 0.039062 0.046875
13 0.122656 0.537500 0.042188 0.100000
13 0.119531 0.323437 0.039062 0.053125
14 0.848437 0.364844 0.059375 0.051562
17 0.891406 0.379688 0.017188 0.025000
11 0.874219 0.454688 0.051562 0.093750
4 0.764844 0.453906 0.160938 0.095312
3 0.830469 0.601562 0.029687 0.040625
0 0.703125 0.643750 0.075000 0.006250
0 0.707812 0.293750 0.075000 0.006250
0 0.335938 0.635938 0.075000 0.003125
0 0.338281 0.653125 0.067187 0.006250
0 0.385156 0.750000 0.004687 0.087500
4 0.184375 0.419531 0.168750 0.135937
12 0.368750 0.420312 0.009375 0.078125
2 0.361719 0.420312 0.029687 0.121875
3 0.158594 0.550781 0.026562 0.039062
2 0.359375 0.505469 0.018750 0.029687
2 0.358594 0.334375 0.020313 0.031250
11 0.193750 0.611719 0.184375 0.048438
9 0.874219 0.728125 0.051562 0.140625
7 0.791406 0.771875 0.117188 0.053125
10 0.698438 0.767969 0.065625 0.060937
2 0.556250 0.736719 0.062500 0.123438
3 0.510156 0.711719 0.026562 0.039062
3 0.510938 0.763281 0.025000 0.039062
3 0.600781 0.710938 0.026562 0.040625
3 0.600781 0.763281 0.026562 0.042188
7 0.337500 0.776563 0.050000 0.043750
6 0.283594 0.767188 0.029687 0.062500
15 0.213281 0.787500 0.048438 0.021875
8 0.139844 0.724219 0.079687 0.148438
