1 0.131250 0.500781 0.009375 0.104688
1 0.130469 0.696875 0.007812 0.128125
1 0.129688 0.844531 0.009375 0.051562
1 0.132031 0.268750 0.010937 0.178125
1 0.867188 0.816406 0.006250 0.126562
1 0.865625 0.603906 0.006250 0.095312
5 0.177344 0.271875 0.057813 0.115625
5 0.296875 0.365625 0.165625 0.062500
5 0.417187 0.272656 0.053125 0.107813
5 0.297656 0.228906 0.064062 0.017188
2 0.298438 0.268750 0.090625 0.059375
2 0.588281 0.272656 0.064062 0.120313
2 0.289062 0.421094 0.281250 0.029687
2 0.759375 0.729688 0.100000 0.018750
2 0.247656 0.776563 0.229687 0.028125
2 0.296094 0.132031 0.167187 0.026562
17 0.181250 0.132812 0.059375 0.028125
17 0.471875 0.130469 0.062500 0.029687
17 0.412500 0.131250 0.053125 0.031250
17 0.823438 0.171875 0.031250 0.075000
2 0.756250 0.225000 0.062500 0.028125
15 0.819531 0.229687 0.045312 0.018750
12 0.299219 0.128906 0.098437 0.014063
12 0.759375 0.724219 0.059375 0.007812
12 0.264844 0.782031 0.064062 0.007812
13 0.179688 0.586719 0.053125 0.029687
13 0.346094 0.586719 0.051562 0.029687
4 0.261719 0.640625 0.120313 0.137500
4 0.736719 0.606250 0.098437 0.118750
4 0.757812 0.835156 0.100000 0.120313
3 0.174219 0.745313 0.032813 0.028125
3 0.676562 0.861719 0.028125 0.023438
3 0.564063 0.428906 0.031250 0.023438
3 0.610938 0.428125 0.028125 0.018750
3 0.545312 0.307031 0.018750 0.029687
3 0.585938 0.343750 0.031250 0.015625
3 0.632031 0.308594 0.023438 0.026562
3 0.631250 0.271094 0.021875 0.029687
3 0.629687 0.236719 0.021875 0.029687
3 0.545312 0.235937 0.021875 0.031250
3 0.544531 0.271875 0.023438 0.028125
3 0.587500 0.203125 0.031250 0.018750
3 0.818750 0.589844 0.031250 0.026562
5 0.284375 0.539844 0.068750 0.054688
5 0.385156 0.538281 0.070312 0.051562
2 0.334375 0.542188 0.025000 0.037500
3 0.196094 0.500781 0.032813 0.045312
13 0.157812 0.501563 0.043750 0.128125
12 0.332813 0.419531 0.090625 0.010937
2 0.409375 0.364844 0.043750 0.042188
2 0.184375 0.364844 0.043750 0.042188
7 0.823438 0.278125 0.034375 0.037500
6 0.817187 0.317969 0.046875 0.026562
2 0.764844 0.422656 0.085938 0.029687
7 0.686719 0.520312 0.064062 0.037500
9 0.815625 0.519531 0.056250 0.032813
2 0.757812 0.520312 0.209375 0.040625
14 0.891406 0.653125 0.042188 0.043750
17 0.878125 0.689063 0.015625 0.025000
13 0.821094 0.562500 0.067187 0.031250
13 0.670312 0.558594 0.031250 0.026562
17 0.578125 0.573438 0.028125 0.053125
17 0.577344 0.624219 0.029687 0.048438
11 0.617969 0.600000 0.042188 0.109375
11 0.624219 0.842969 0.039062 0.132812
13 0.678125 0.892969 0.062500 0.032813
10 0.688281 0.411719 0.051562 0.045312
0 0.400000 0.759375 0.053125 0.003125
0 0.560156 0.709375 0.057813 0.006250
0 0.560937 0.721875 0.053125 0.006250
0 0.595313 0.809375 0.006250 0.046875
0 0.332813 0.801562 0.050000 0.006250
0 0.427344 0.491406 0.004687 0.070312
0 0.754687 0.246094 0.050000 0.004687
0 0.898438 0.440625 0.053125 0.003125
7 0.573438 0.893750 0.037500 0.034375
6 0.510938 0.812500 0.046875 0.021875
15 0.463281 0.883594 0.035937 0.017188
11 0.460938 0.827344 0.037500 0.085938
11 0.403125 0.889844 0.081250 0.039062
7 0.322656 0.891406 0.060937 0.035937
6 0.271094 0.884375 0.026562 0.050000
8 0.164062 0.852344 0.056250 0.110937
11 0.408594 0.635938 0.039062 0.125000
2 0.587500 0.397656 0.118750 0.039062
