2 0.827344 0.334375 0.054688 0.234375
2 0.778125 0.578906 0.159375 0.064062
4 0.728125 0.696875 0.256250 0.071875
11 0.582812 0.567187 0.228125 0.043750
3 0.303906 0.689063 0.082812 0.043750
2 0.212500 0.640625 0.090625 0.187500
0 0.292187 0.571094 0.131250 0.076563
0 0.296094 0.423438 0.129688 0.065625
2 0.581250 0.440625 0.262500 0.028125
5 0.444531 0.786719 0.085938 0.045312
5 0.612500 0.783594 0.084375 0.045312
2 0.527344 0.785937 0.067187 0.034375
1 0.379688 0.741406 0.253125 0.010937
1 0.544531 0.210156 0.514062 0.014063
3 0.211719 0.239063 0.082812 0.040625
3 0.212500 0.317188 0.084375 0.043750
15 0.887500 0.167187 0.053125 0.037500
