17 0.436719 0.242188 0.064062 0.031250
17 0.499219 0.241406 0.060937 0.029687
17 0.636719 0.709375 0.035937 0.040625
1 0.073438 0.352344 0.009375 0.139063
1 0.074219 0.532813 0.007812 0.084375
1 0.072656 0.661719 0.007812 0.104688
1 0.439844 0.687500 0.064062 0.006250
1 0.538281 0.688281 0.042188 0.007812
1 0.588281 0.764063 0.048438 0.009375
1 0.379688 0.762500 0.046875 0.006250
1 0.754687 0.763281 0.103125 0.007812
1 0.902344 0.762500 0.123438 0.006250
2 0.118750 0.253125 0.034375 0.034375
2 0.323437 0.253125 0.037500 0.031250
2 0.222656 0.327344 0.082812 0.054688
2 0.209375 0.512500 0.065625 0.062500
2 0.144531 0.590625 0.132812 0.015625
2 0.417969 0.460938 0.098437 0.096875
2 0.542188 0.439063 0.025000 0.140625
2 0.420312 0.310937 0.028125 0.106250
2 0.393750 0.292188 0.021875 0.137500
2 0.212500 0.434375 0.178125 0.021875
12 0.217969 0.438281 0.076563 0.007812
14 0.374219 0.708594 0.035937 0.032813
15 0.361719 0.575781 0.035937 0.017188
15 0.569531 0.389844 0.017188 0.042188
5 0.327344 0.349219 0.045312 0.039062
5 0.326562 0.300781 0.046875 0.042188
5 0.221875 0.249219 0.156250 0.048438
5 0.115625 0.323438 0.046875 0.090625
5 0.108594 0.512500 0.057813 0.128125
3 0.179688 0.539062 0.031250 0.031250
3 0.178906 0.482031 0.032813 0.032813
3 0.236719 0.482812 0.032813 0.034375
3 0.237500 0.539844 0.034375 0.032813
0 0.313281 0.646094 0.045312 0.023438
0 0.643750 0.484375 0.006250 0.043750
0 0.620313 0.590625 0.003125 0.043750
0 0.678906 0.588281 0.004687 0.042188
0 0.787500 0.512500 0.046875 0.006250
0 0.360938 0.595313 0.037500 0.006250
0 0.501563 0.276563 0.056250 0.003125
0 0.334375 0.586719 0.003125 0.045312
13 0.107031 0.737500 0.042188 0.021875
13 0.813281 0.746875 0.023438 0.025000
13 0.811719 0.625000 0.023438 0.053125
13 0.964063 0.709375 0.021875 0.081250
13 0.963281 0.569531 0.020313 0.032813
13 0.229687 0.734375 0.050000 0.028125
3 0.229687 0.708594 0.031250 0.020313
3 0.939844 0.725781 0.023438 0.029687
3 0.791406 0.624219 0.020313 0.023438
11 0.776563 0.582813 0.096875 0.031250
11 0.925000 0.524219 0.100000 0.029687
11 0.274219 0.700781 0.029687 0.117188
11 0.317969 0.743750 0.057813 0.031250
4 0.775000 0.692188 0.096875 0.081250
4 0.928125 0.626563 0.096875 0.081250
4 0.164844 0.698437 0.092188 0.103125
8 0.436719 0.660938 0.089063 0.050000
7 0.542188 0.666406 0.040625 0.029687
7 0.414062 0.583594 0.046875 0.029687
7 0.575000 0.478125 0.025000 0.028125
9 0.505469 0.593750 0.023438 0.043750
10 0.648438 0.664062 0.037500 0.040625
2 0.653125 0.601562 0.031250 0.068750
2 0.502344 0.625000 0.029687 0.115625
6 0.459375 0.588281 0.025000 0.039062
6 0.580469 0.439844 0.039062 0.020313
5 0.860938 0.727344 0.053125 0.051562
3 0.382031 0.504688 0.026562 0.028125
3 0.361719 0.479688 0.023438 0.028125
3 0.363281 0.443750 0.026562 0.028125
3 0.380469 0.417188 0.029687 0.025000
3 0.416406 0.406250 0.023438 0.018750
3 0.450781 0.415625 0.023438 0.025000
3 0.470313 0.444531 0.018750 0.026562
3 0.467187 0.478125 0.025000 0.025000
3 0.448437 0.507812 0.025000 0.025000
3 0.415625 0.516406 0.021875 0.017188
