7 0.105469 0.596094 0.039062 0.054688
14 0.166406 0.585938 0.048438 0.078125
16 0.500000 0.901563 0.059375 0.050000
0 0.886719 0.114062 0.004687 0.118750
0 0.807813 0.286719 0.043750 0.007812
0 0.712500 0.632812 0.006250 0.090625
0 0.677344 0.486719 0.060937 0.007812
0 0.430469 0.529687 0.045312 0.006250
0 0.423438 0.750000 0.040625 0.043750
0 0.401562 0.564844 0.006250 0.076563
11 0.264062 0.558594 0.128125 0.064062
11 0.570312 0.514062 0.128125 0.065625
11 0.853906 0.514844 0.145313 0.064062
3 0.881250 0.608594 0.028125 0.051562
3 0.550000 0.796094 0.025000 0.045312
3 0.263281 0.432031 0.032813 0.048438
3 0.301563 0.432031 0.031250 0.048438
3 0.339844 0.431250 0.032813 0.050000
3 0.263281 0.275781 0.032813 0.048438
3 0.300781 0.277344 0.029687 0.048438
3 0.339062 0.277344 0.031250 0.045312
2 0.301563 0.353125 0.118750 0.103125
9 0.232031 0.165625 0.051562 0.053125
7 0.325781 0.158594 0.048438 0.057813
2 0.278125 0.161719 0.153125 0.067187
17 0.375781 0.161719 0.042188 0.064062
17 0.490625 0.148438 0.056250 0.037500
10 0.427344 0.169531 0.051562 0.076563
12 0.597656 0.135156 0.085938 0.017188
2 0.585156 0.147656 0.245312 0.039062
17 0.850781 0.250781 0.079687 0.042188
17 0.912500 0.183594 0.025000 0.060937
17 0.912500 0.243750 0.025000 0.059375
7 0.909375 0.330469 0.034375 0.067187
0 0.868750 0.400781 0.040625 0.048438
6 0.814063 0.401562 0.034375 0.078125
15 0.813281 0.461719 0.060937 0.020313
5 0.685937 0.332031 0.059375 0.089063
5 0.578125 0.428125 0.156250 0.087500
2 0.689063 0.425000 0.037500 0.059375
2 0.558594 0.323437 0.042188 0.065625
2 0.604688 0.324219 0.040625 0.064062
13 0.369531 0.859375 0.057813 0.050000
13 0.218750 0.857031 0.034375 0.048438
13 0.521094 0.794531 0.032813 0.073438
13 0.520312 0.570312 0.031250 0.046875
4 0.575000 0.675781 0.134375 0.179688
4 0.291406 0.778125 0.114062 0.209375
3 0.371875 0.812500 0.031250 0.040625
1 0.289062 0.892188 0.178125 0.015625
1 0.439063 0.843750 0.059375 0.018750
1 0.592187 0.843750 0.109375 0.018750
1 0.765625 0.843750 0.112500 0.018750
13 0.910937 0.608594 0.031250 0.126562
4 0.860156 0.752344 0.129688 0.160938
15 0.490625 0.785156 0.018750 0.095312
1 0.196094 0.340625 0.007812 0.275000
17 0.430469 0.494531 0.045312 0.042188
17 0.476562 0.496094 0.043750 0.042188
