1 0.166406 0.189062 0.251563 0.012500
1 0.448437 0.190625 0.112500 0.009375
1 0.727344 0.162500 0.220312 0.012500
1 0.934375 0.384375 0.040625 0.009375
1 0.924219 0.680469 0.010937 0.057813
1 0.613281 0.835938 0.107813 0.012500
1 0.828125 0.931250 0.103125 0.009375
1 0.278125 0.928906 0.084375 0.007812
17 0.040625 0.225000 0.028125 0.059375
17 0.040625 0.480469 0.025000 0.057813
17 0.039844 0.640625 0.029687 0.096875
17 0.039062 0.738281 0.031250 0.095312
17 0.197656 0.908594 0.045312 0.029687
17 0.814063 0.739062 0.025000 0.040625
17 0.388281 0.763281 0.042188 0.042188
2 0.040625 0.550781 0.028125 0.079687
2 0.294531 0.683594 0.132812 0.067187
2 0.156250 0.737500 0.031250 0.103125
2 0.332813 0.467969 0.040625 0.039062
2 0.228906 0.339844 0.073438 0.073438
2 0.332813 0.242969 0.040625 0.039062
2 0.225781 0.239844 0.029687 0.039062
5 0.182031 0.241406 0.045312 0.048438
5 0.271094 0.241406 0.048438 0.048438
5 0.332813 0.354687 0.050000 0.150000
5 0.232813 0.469531 0.109375 0.054688
5 0.298438 0.843750 0.034375 0.034375
5 0.202344 0.842187 0.032813 0.031250
2 0.249219 0.841406 0.042188 0.042188
2 0.271875 0.909375 0.096875 0.028125
2 0.039844 0.351562 0.029687 0.193750
2 0.614844 0.253906 0.039062 0.176563
12 0.612500 0.285938 0.009375 0.068750
12 0.038281 0.353906 0.010937 0.089063
12 0.582031 0.319531 0.004687 0.067187
13 0.385156 0.233594 0.032813 0.051562
13 0.384375 0.417187 0.031250 0.084375
13 0.699219 0.696094 0.042188 0.085938
13 0.897656 0.797656 0.039062 0.070312
13 0.885938 0.364844 0.028125 0.051562
13 0.885156 0.195312 0.032813 0.056250
13 0.746094 0.878906 0.032813 0.089063
4 0.832031 0.878125 0.139063 0.090625
4 0.622656 0.785156 0.139063 0.089063
4 0.437500 0.314844 0.137500 0.110937
4 0.832031 0.280469 0.139063 0.107813
3 0.651563 0.207813 0.031250 0.031250
3 0.415625 0.417187 0.031250 0.034375
3 0.253125 0.634375 0.034375 0.031250
3 0.293750 0.635156 0.031250 0.026562
3 0.334375 0.635938 0.031250 0.028125
3 0.252344 0.731250 0.032813 0.028125
3 0.293750 0.733594 0.031250 0.029687
3 0.335156 0.732812 0.032813 0.031250
2 0.389062 0.679688 0.040625 0.037500
2 0.387500 0.719531 0.040625 0.042188
9 0.508594 0.732031 0.045312 0.067187
7 0.510156 0.621875 0.042188 0.065625
7 0.360938 0.823438 0.040625 0.037500
7 0.757031 0.480469 0.067187 0.042188
7 0.896875 0.619531 0.043750 0.064062
14 0.364063 0.879687 0.062500 0.056250
2 0.509375 0.719531 0.043750 0.129688
15 0.517969 0.815625 0.017188 0.034375
15 0.551562 0.153125 0.065625 0.062500
15 0.893750 0.142187 0.015625 0.025000
8 0.946094 0.457813 0.064062 0.134375
6 0.828125 0.483594 0.031250 0.051562
6 0.895312 0.679688 0.050000 0.031250
15 0.911719 0.556250 0.017188 0.046875
11 0.874219 0.738281 0.085938 0.042188
11 0.700781 0.621094 0.042188 0.064062
11 0.614844 0.421094 0.039062 0.157812
11 0.442969 0.480469 0.148438 0.039062
0 0.097656 0.751563 0.082812 0.093750
0 0.446875 0.821094 0.062500 0.067187
0 0.616406 0.617188 0.064062 0.071875
0 0.553906 0.475000 0.060937 0.068750
0 0.684375 0.475000 0.065625 0.068750
0 0.747656 0.425781 0.057813 0.051562
0 0.832031 0.618750 0.057813 0.050000
0 0.761719 0.692187 0.064062 0.071875
16 0.434375 0.961719 0.075000 0.026562
15 0.723437 0.942969 0.040625 0.010937
3 0.663281 0.695312 0.029687 0.031250
3 0.860938 0.794531 0.034375 0.035937
10 0.396875 0.625000 0.056250 0.068750
