1 0.028906 0.337500 0.007812 0.053125
1 0.135937 0.206250 0.009375 0.125000
1 0.135156 0.411719 0.007812 0.092188
1 0.843750 0.728906 0.006250 0.167187
1 0.844531 0.510156 0.007812 0.101562
1 0.843750 0.320312 0.006250 0.125000
1 0.843750 0.178125 0.006250 0.050000
2 0.208594 0.128125 0.029687 0.025000
2 0.334375 0.129688 0.028125 0.025000
11 0.368750 0.182812 0.037500 0.128125
11 0.375000 0.414844 0.037500 0.101562
11 0.577344 0.381250 0.035937 0.115625
11 0.525781 0.196875 0.039062 0.081250
11 0.582812 0.135937 0.075000 0.034375
14 0.110156 0.364844 0.039062 0.042188
17 0.125000 0.330469 0.009375 0.023438
2 0.167969 0.224219 0.032813 0.023438
12 0.272656 0.296875 0.101562 0.009375
0 0.432812 0.298438 0.053125 0.006250
0 0.432031 0.310156 0.054688 0.004687
0 0.396875 0.215625 0.006250 0.050000
0 0.582812 0.262500 0.050000 0.003125
0 0.648438 0.222656 0.050000 0.004687
0 0.248438 0.751563 0.050000 0.003125
0 0.315625 0.568750 0.053125 0.003125
5 0.167969 0.185156 0.035937 0.039062
5 0.168750 0.263281 0.034375 0.039062
4 0.273438 0.178125 0.096875 0.121875
4 0.256250 0.408594 0.096875 0.117188
4 0.707812 0.377344 0.112500 0.123438
10 0.307812 0.596094 0.050000 0.042188
6 0.184375 0.686719 0.043750 0.023438
6 0.476562 0.210938 0.043750 0.021875
6 0.708594 0.142187 0.026562 0.046875
7 0.657813 0.135156 0.056250 0.035937
7 0.418750 0.132812 0.034375 0.034375
7 0.178125 0.725000 0.031250 0.037500
7 0.308594 0.492188 0.048438 0.028125
9 0.187500 0.492188 0.050000 0.028125
2 0.239844 0.492969 0.198437 0.035937
13 0.176563 0.450781 0.065625 0.029687
13 0.324219 0.453125 0.035937 0.028125
13 0.634375 0.423438 0.037500 0.028125
13 0.777344 0.425000 0.039062 0.028125
13 0.802344 0.245312 0.076563 0.025000
3 0.175781 0.424219 0.029687 0.020313
3 0.803125 0.272656 0.031250 0.020313
3 0.633594 0.539844 0.035937 0.029687
3 0.707031 0.539062 0.035937 0.031250
3 0.369531 0.581250 0.029687 0.018750
3 0.405469 0.581250 0.029687 0.018750
3 0.439844 0.581250 0.026562 0.018750
2 0.405469 0.609375 0.114062 0.037500
2 0.397656 0.732031 0.098437 0.101562
3 0.355469 0.689063 0.035937 0.034375
3 0.396094 0.671875 0.029687 0.021875
3 0.439844 0.690625 0.035937 0.037500
3 0.456250 0.732031 0.021875 0.029687
3 0.439844 0.774219 0.032813 0.032813
3 0.398438 0.789844 0.031250 0.020313
3 0.355469 0.775000 0.035937 0.037500
3 0.337500 0.730469 0.021875 0.029687
2 0.243750 0.775781 0.062500 0.029687
17 0.178125 0.825000 0.031250 0.071875
17 0.414062 0.393750 0.028125 0.050000
17 0.414844 0.442969 0.029687 0.048438
17 0.576562 0.864062 0.053125 0.025000
17 0.801562 0.864844 0.053125 0.026562
2 0.689844 0.864844 0.157812 0.026562
12 0.689063 0.871094 0.093750 0.010937
2 0.405469 0.493750 0.114062 0.037500
2 0.233594 0.586719 0.082812 0.029687
17 0.184375 0.770312 0.043750 0.018750
12 0.396875 0.873437 0.128125 0.009375
2 0.397656 0.867188 0.104688 0.021875
8 0.811719 0.170313 0.054688 0.109375
12 0.706250 0.239844 0.062500 0.007812
2 0.692187 0.246094 0.143750 0.026562
5 0.800781 0.500781 0.054688 0.110937
13 0.667188 0.573438 0.212500 0.037500
2 0.584375 0.638281 0.040625 0.039062
2 0.796875 0.638281 0.040625 0.035937
2 0.690625 0.728125 0.084375 0.087500
5 0.575781 0.698438 0.051562 0.050000
5 0.575000 0.756250 0.056250 0.050000
5 0.689063 0.635156 0.150000 0.057813
5 0.804688 0.721094 0.059375 0.107813
15 0.522656 0.142187 0.032813 0.015625
