17 0.119531 0.663281 0.010937 0.020313
17 0.414844 0.599219 0.023438 0.048438
17 0.415625 0.548438 0.025000 0.050000
17 0.175000 0.162500 0.028125 0.071875
17 0.517188 0.122656 0.059375 0.026562
17 0.576562 0.122656 0.056250 0.026562
17 0.800781 0.121875 0.060937 0.031250
14 0.107031 0.628906 0.039062 0.039062
1 0.131250 0.580469 0.006250 0.095312
1 0.132031 0.789062 0.010937 0.125000
4 0.239063 0.806250 0.096875 0.118750
4 0.257812 0.583594 0.100000 0.117188
4 0.721094 0.615625 0.120313 0.131250
13 0.316406 0.862500 0.060937 0.031250
13 0.177344 0.539062 0.060937 0.031250
13 0.325781 0.537500 0.032813 0.028125
13 0.637500 0.565625 0.046875 0.028125
13 0.803125 0.564063 0.050000 0.028125
13 0.822656 0.482031 0.045312 0.126562
1 0.849219 0.258594 0.007812 0.170313
1 0.850000 0.482812 0.012500 0.100000
1 0.850000 0.671875 0.012500 0.125000
1 0.849219 0.815625 0.007812 0.050000
8 0.816406 0.824219 0.054688 0.107813
6 0.712500 0.853906 0.028125 0.048438
6 0.478125 0.784375 0.043750 0.021875
6 0.182031 0.303906 0.045312 0.020313
5 0.600781 0.518750 0.067187 0.050000
5 0.702344 0.517188 0.064062 0.050000
5 0.685937 0.350781 0.156250 0.054688
5 0.801562 0.257812 0.059375 0.115625
5 0.571875 0.259375 0.053125 0.103125
2 0.652344 0.524219 0.026562 0.045312
2 0.686719 0.256250 0.089063 0.056250
2 0.687500 0.121094 0.165625 0.029687
2 0.795312 0.349219 0.037500 0.039062
2 0.578125 0.349219 0.040625 0.039062
2 0.695312 0.749219 0.146875 0.029687
13 0.806250 0.748437 0.075000 0.028125
3 0.807813 0.721875 0.028125 0.018750
3 0.785156 0.481250 0.026562 0.040625
3 0.447656 0.294531 0.023438 0.029687
3 0.449219 0.259375 0.023438 0.031250
3 0.449219 0.222656 0.020313 0.029687
3 0.404687 0.189844 0.028125 0.017188
3 0.360938 0.293750 0.018750 0.028125
3 0.360156 0.258594 0.020313 0.029687
3 0.360156 0.221094 0.020313 0.032813
3 0.404687 0.327344 0.034375 0.017188
3 0.381250 0.410156 0.028125 0.020313
3 0.427344 0.410156 0.029687 0.020313
2 0.405469 0.379687 0.114062 0.037500
2 0.404687 0.257812 0.062500 0.118750
2 0.240625 0.211719 0.065625 0.026562
15 0.180469 0.216406 0.042188 0.020313
7 0.175781 0.262500 0.032813 0.034375
10 0.306250 0.395312 0.050000 0.043750
7 0.306250 0.499219 0.050000 0.035937
9 0.184375 0.499219 0.053125 0.032813
2 0.237500 0.499219 0.203125 0.035937
0 0.101562 0.421875 0.050000 0.003125
0 0.432031 0.685156 0.054688 0.004687
0 0.432812 0.694531 0.053125 0.004687
0 0.586719 0.732812 0.051562 0.003125
0 0.651563 0.772656 0.050000 0.004687
0 0.243750 0.234375 0.046875 0.003125
0 0.396094 0.779688 0.004687 0.046875
7 0.416406 0.862500 0.035937 0.031250
15 0.525000 0.854687 0.031250 0.015625
11 0.528125 0.798437 0.037500 0.084375
11 0.584375 0.859375 0.075000 0.037500
7 0.662500 0.860156 0.059375 0.035937
12 0.719531 0.752344 0.064062 0.007812
12 0.651563 0.401563 0.090625 0.009375
12 0.685156 0.118750 0.095312 0.009375
11 0.365625 0.813281 0.037500 0.126562
11 0.374219 0.576562 0.039062 0.106250
12 0.236719 0.697656 0.054688 0.007812
2 0.239844 0.702344 0.101562 0.020313
3 0.316406 0.831250 0.023438 0.025000
3 0.178125 0.567969 0.031250 0.023438
2 0.231250 0.403906 0.081250 0.026562
2 0.690625 0.403906 0.256250 0.026562
11 0.578125 0.610938 0.034375 0.121875
0 0.194531 0.140625 0.004687 0.062500
5 0.687500 0.217187 0.062500 0.018750
0 0.559375 0.470313 0.006250 0.065625
