11 0.393750 0.199219 0.053125 0.185938
8 0.283594 0.145313 0.148438 0.078125
15 0.219531 0.219531 0.023438 0.048438
6 0.239062 0.289844 0.062500 0.032813
7 0.229688 0.340625 0.043750 0.046875
0 0.354688 0.342969 0.006250 0.067187
0 0.370313 0.340625 0.006250 0.075000
0 0.253906 0.388281 0.089063 0.007812
0 0.345313 0.707812 0.003125 0.071875
0 0.362500 0.706250 0.006250 0.075000
0 0.710156 0.710156 0.004687 0.070312
1 0.731250 0.194531 0.012500 0.176563
1 0.728906 0.511719 0.014063 0.210938
1 0.605469 0.780469 0.014063 0.129688
13 0.677344 0.125000 0.076563 0.037500
13 0.467187 0.125000 0.075000 0.037500
4 0.570312 0.189844 0.134375 0.170313
2 0.695312 0.280469 0.040625 0.042188
5 0.678906 0.337500 0.070312 0.068750
12 0.570312 0.369531 0.078125 0.007812
2 0.571875 0.363281 0.121875 0.026562
5 0.675000 0.471875 0.071875 0.165625
5 0.557031 0.425781 0.160938 0.073438
13 0.464063 0.428125 0.025000 0.071875
2 0.546094 0.528906 0.104688 0.060937
12 0.538281 0.651563 0.107813 0.009375
2 0.536719 0.646094 0.145313 0.026562
2 0.271094 0.558594 0.120313 0.060937
14 0.640625 0.849219 0.056250 0.057813
17 0.625781 0.891406 0.026562 0.017188
3 0.295312 0.513281 0.037500 0.026562
3 0.243750 0.514844 0.040625 0.023438
3 0.295312 0.603125 0.040625 0.025000
3 0.244531 0.602344 0.039062 0.026562
10 0.239062 0.703906 0.059375 0.064062
2 0.235938 0.817969 0.053125 0.164062
7 0.235156 0.777344 0.042188 0.064062
9 0.304688 0.875000 0.084375 0.050000
12 0.460938 0.877344 0.068750 0.010937
13 0.426562 0.875000 0.137500 0.050000
3 0.403125 0.833594 0.040625 0.029687
13 0.481250 0.686719 0.040625 0.039062
5 0.552344 0.760156 0.095312 0.179688
11 0.550781 0.875000 0.095312 0.050000
