14 0.393750 0.893750 0.046875 0.050000
17 0.399219 0.977344 0.039062 0.017188
9 0.494531 0.872656 0.064062 0.039062
7 0.650000 0.873438 0.065625 0.046875
7 0.608594 0.874219 0.354687 0.048438
7 0.752344 0.828125 0.067187 0.043750
7 0.857031 0.746094 0.117188 0.039062
7 0.848437 0.612500 0.131250 0.021875
3 0.687500 0.625000 0.021875 0.034375
3 0.685156 0.585156 0.023438 0.035937
3 0.685937 0.543750 0.025000 0.034375
3 0.598437 0.625000 0.025000 0.031250
3 0.600000 0.584375 0.025000 0.034375
3 0.598437 0.542969 0.025000 0.035937
2 0.642969 0.585938 0.064062 0.140625
10 0.514844 0.742969 0.060937 0.048438
2 0.599219 0.743750 0.082812 0.034375
15 0.536719 0.677344 0.020313 0.060937
17 0.454688 0.740625 0.046875 0.043750
17 0.050781 0.346094 0.020313 0.048438
17 0.050781 0.296875 0.023438 0.050000
11 0.064062 0.439063 0.046875 0.134375
11 0.063281 0.207031 0.045312 0.126562
11 0.357812 0.388281 0.121875 0.045312
7 0.528906 0.542969 0.035937 0.045312
6 0.520312 0.604687 0.053125 0.028125
6 0.172656 0.695312 0.057813 0.037500
7 0.180469 0.617969 0.042188 0.070312
15 0.193750 0.541406 0.018750 0.054688
8 0.075000 0.660938 0.071875 0.131250
1 0.032813 0.664844 0.009375 0.126562
0 0.717187 0.769531 0.003125 0.067187
0 0.783594 0.567188 0.004687 0.056250
0 0.434375 0.542969 0.006250 0.057813
0 0.420312 0.543750 0.003125 0.068750
0 0.492969 0.378125 0.004687 0.065625
0 0.172656 0.541406 0.004687 0.057813
0 0.256250 0.502344 0.065625 0.004687
1 0.273438 0.734375 0.062500 0.009375
11 0.397656 0.679688 0.045312 0.093750
5 0.292187 0.681250 0.162500 0.093750
13 0.230469 0.573437 0.039062 0.121875
3 0.267188 0.573437 0.028125 0.034375
12 0.067187 0.321094 0.009375 0.070312
12 0.492188 0.245313 0.006250 0.071875
12 0.777344 0.287500 0.010937 0.103125
2 0.768750 0.285937 0.034375 0.190625
2 0.773438 0.164844 0.025000 0.020313
2 0.772656 0.410156 0.029687 0.020313
2 0.642188 0.287500 0.068750 0.090625
13 0.271094 0.175000 0.032813 0.068750
13 0.312500 0.162500 0.034375 0.043750
13 0.313281 0.331250 0.032813 0.043750
13 0.271875 0.406250 0.034375 0.040625
13 0.271875 0.235156 0.034375 0.039062
1 0.199219 0.122656 0.157812 0.010937
1 0.374219 0.121875 0.123438 0.009375
1 0.626563 0.121875 0.187500 0.009375
4 0.210156 0.320312 0.157812 0.143750
4 0.369531 0.243750 0.148438 0.125000
5 0.134375 0.175781 0.081250 0.085938
3 0.240625 0.175781 0.028125 0.035937
5 0.642188 0.396875 0.100000 0.046875
5 0.643750 0.167188 0.134375 0.065625
5 0.539062 0.287500 0.062500 0.165625
0 0.384375 0.775781 0.065625 0.004687
2 0.075000 0.320312 0.021875 0.100000
