5 0.250000 0.802344 0.046875 0.148438
5 0.326562 0.904688 0.100000 0.050000
5 0.310156 0.702344 0.070312 0.085938
5 0.408594 0.796875 0.026562 0.031250
5 0.407813 0.759375 0.031250 0.031250
2 0.434375 0.823437 0.018750 0.228125
12 0.438281 0.828125 0.010937 0.081250
3 0.475000 0.845312 0.025000 0.021875
3 0.474219 0.808594 0.023438 0.026562
3 0.553125 0.846094 0.025000 0.023438
3 0.553906 0.810156 0.026562 0.026562
2 0.514062 0.828125 0.046875 0.096875
3 0.471094 0.655469 0.023438 0.017188
3 0.434375 0.624219 0.015625 0.023438
3 0.434375 0.595313 0.015625 0.025000
3 0.433594 0.564844 0.017188 0.023438
3 0.470313 0.530469 0.021875 0.017188
3 0.505469 0.624219 0.014063 0.020313
3 0.506250 0.592969 0.018750 0.023438
3 0.506250 0.566406 0.015625 0.026562
3 0.571875 0.064844 0.025000 0.020313
3 0.619531 0.217187 0.026562 0.018750
17 0.239844 0.570312 0.029687 0.059375
17 0.239844 0.510937 0.029687 0.059375
0 0.276562 0.508594 0.006250 0.054688
2 0.329688 0.809375 0.053125 0.081250
2 0.248438 0.898438 0.034375 0.034375
2 0.250000 0.707813 0.034375 0.037500
1 0.350781 0.942187 0.145313 0.009375
1 0.532813 0.940625 0.081250 0.009375
1 0.664062 0.941406 0.103125 0.010937
2 0.592187 0.838281 0.018750 0.110937
12 0.590625 0.839844 0.006250 0.057813
4 0.700000 0.839062 0.109375 0.096875
4 0.688281 0.232812 0.085938 0.103125
4 0.645312 0.080469 0.084375 0.101562
13 0.571875 0.042969 0.059375 0.020313
13 0.717969 0.043750 0.060937 0.025000
13 0.748437 0.900781 0.025000 0.029687
13 0.748437 0.777344 0.025000 0.032813
13 0.623437 0.194531 0.046875 0.023438
13 0.744531 0.194531 0.032813 0.023438
1 0.765625 0.253125 0.012500 0.106250
1 0.764844 0.104688 0.010937 0.128125
1 0.764844 0.527344 0.010937 0.257812
1 0.690625 0.571094 0.009375 0.064062
1 0.688281 0.470313 0.010937 0.043750
15 0.577344 0.652344 0.014063 0.035937
17 0.708594 0.361719 0.032813 0.057813
15 0.389844 0.440625 0.042188 0.018750
6 0.439063 0.430469 0.018750 0.039062
6 0.587500 0.551563 0.040625 0.021875
7 0.583594 0.598438 0.026562 0.050000
7 0.667188 0.470313 0.028125 0.050000
7 0.477344 0.435156 0.029687 0.026562
2 0.291406 0.617188 0.142187 0.025000
2 0.308594 0.587500 0.107813 0.025000
17 0.403906 0.468750 0.067187 0.025000
17 0.474219 0.469531 0.070312 0.023438
0 0.484375 0.364844 0.037500 0.004687
0 0.510156 0.223437 0.004687 0.043750
0 0.589844 0.331250 0.051562 0.003125
0 0.595313 0.651562 0.003125 0.043750
0 0.654687 0.697656 0.037500 0.045312
0 0.532031 0.731250 0.054688 0.006250
8 0.660937 0.573437 0.046875 0.090625
14 0.710938 0.637500 0.037500 0.040625
11 0.700000 0.739844 0.118750 0.032813
11 0.744531 0.692188 0.032813 0.059375
11 0.582812 0.231250 0.034375 0.096875
11 0.525000 0.082031 0.031250 0.101562
5 0.734375 0.102344 0.040625 0.076563
9 0.593750 0.507031 0.040625 0.026562
14 0.664062 0.360156 0.040625 0.035937
2 0.602344 0.357812 0.067187 0.031250
2 0.625781 0.507812 0.117188 0.034375
