1 0.814062 0.253906 0.096875 0.010937
1 0.454688 0.165625 0.078125 0.009375
1 0.131250 0.835938 0.212500 0.009375
1 0.424219 0.834375 0.095312 0.009375
1 0.656250 0.834375 0.153125 0.009375
1 0.872656 0.833594 0.085938 0.007812
1 0.937500 0.619531 0.009375 0.048438
1 0.938281 0.432812 0.007812 0.028125
4 0.875000 0.306250 0.115625 0.093750
13 0.920313 0.383594 0.028125 0.057813
13 0.674219 0.300000 0.029687 0.050000
13 0.674219 0.463281 0.029687 0.076563
13 0.567188 0.616406 0.028125 0.076563
13 0.567969 0.790625 0.026562 0.078125
13 0.353906 0.644531 0.029687 0.064062
13 0.354688 0.800781 0.028125 0.057813
11 0.714062 0.321875 0.037500 0.128125
11 0.393750 0.595313 0.106250 0.034375
11 0.914062 0.778125 0.037500 0.106250
11 0.497656 0.328906 0.032813 0.107813
2 0.049219 0.600781 0.035937 0.035937
2 0.142969 0.703906 0.067187 0.070312
2 0.048438 0.804688 0.037500 0.037500
2 0.146875 0.803906 0.028125 0.042188
2 0.449219 0.473438 0.114062 0.050000
2 0.300000 0.475000 0.028125 0.071875
12 0.318750 0.695312 0.009375 0.071875
2 0.318750 0.677344 0.025000 0.214062
15 0.318750 0.856250 0.043750 0.021875
5 0.188281 0.802344 0.054688 0.045312
5 0.103906 0.801562 0.051562 0.046875
5 0.047656 0.700781 0.045312 0.139063
5 0.142188 0.603906 0.087500 0.048438
0 0.190625 0.475781 0.081250 0.073438
0 0.395312 0.218750 0.050000 0.059375
16 0.457031 0.183594 0.060937 0.023438
1 0.560937 0.268750 0.090625 0.012500
4 0.629688 0.375781 0.118750 0.092188
4 0.610938 0.703906 0.115625 0.095312
4 0.397656 0.725781 0.120313 0.092188
12 0.534375 0.723437 0.009375 0.059375
2 0.532031 0.735938 0.026562 0.187500
3 0.383594 0.644531 0.023438 0.026562
3 0.486719 0.510156 0.029687 0.023438
3 0.450000 0.512500 0.028125 0.025000
3 0.413281 0.512500 0.029687 0.025000
3 0.486719 0.436719 0.029687 0.026562
3 0.450000 0.436719 0.028125 0.026562
3 0.412500 0.437500 0.028125 0.025000
3 0.594531 0.616406 0.023438 0.029687
3 0.892187 0.383594 0.025000 0.029687
14 0.627344 0.239063 0.048438 0.050000
7 0.574219 0.247656 0.051562 0.029687
7 0.343750 0.357031 0.037500 0.054688
7 0.767187 0.678906 0.037500 0.076563
7 0.915625 0.489844 0.037500 0.048438
15 0.921875 0.543750 0.025000 0.043750
15 0.668750 0.254688 0.015625 0.018750
15 0.525781 0.853125 0.045312 0.028125
15 0.782031 0.847656 0.045312 0.014063
9 0.344531 0.276562 0.035937 0.056250
2 0.453906 0.267188 0.035937 0.037500
2 0.453906 0.306250 0.035937 0.040625
10 0.449219 0.353125 0.045312 0.053125
3 0.647656 0.464062 0.023438 0.031250
0 0.538281 0.481250 0.054688 0.056250
0 0.477344 0.600781 0.054688 0.054688
0 0.713281 0.602344 0.051562 0.057813
0 0.831250 0.703125 0.040625 0.046875
0 0.764063 0.788281 0.043750 0.045312
0 0.846875 0.484375 0.053125 0.046875
0 0.768750 0.426563 0.053125 0.062500
6 0.910937 0.442188 0.043750 0.021875
6 0.910937 0.682813 0.043750 0.021875
8 0.882031 0.608594 0.104688 0.064062
17 0.875781 0.742188 0.039062 0.031250
17 0.793750 0.741406 0.031250 0.029687
17 0.762500 0.741406 0.028125 0.029687
17 0.871875 0.821875 0.050000 0.015625
17 0.822656 0.821094 0.045312 0.017188
17 0.772656 0.821875 0.048438 0.012500
17 0.532031 0.594531 0.026562 0.029687
17 0.532813 0.625000 0.025000 0.031250
17 0.715625 0.484375 0.043750 0.053125
2 0.714062 0.418750 0.037500 0.059375
5 0.637500 0.802344 0.090625 0.048438
2 0.343750 0.316406 0.037500 0.135937
