11 0.232031 0.500000 0.114062 0.034375
11 0.851562 0.504687 0.134375 0.034375
11 0.694531 0.575000 0.035937 0.093750
11 0.696094 0.792969 0.035937 0.098437
15 0.139063 0.439063 0.056250 0.015625
14 0.147656 0.478125 0.035937 0.037500
2 0.219531 0.543750 0.092188 0.034375
10 0.332031 0.543750 0.045312 0.040625
7 0.330469 0.640625 0.045312 0.031250
9 0.207031 0.639062 0.045312 0.031250
2 0.267188 0.639844 0.184375 0.032813
17 0.370312 0.699219 0.037500 0.064062
17 0.371094 0.764844 0.039062 0.067187
0 0.700000 0.678906 0.050000 0.004687
0 0.701562 0.689063 0.050000 0.006250
0 0.613281 0.509375 0.004687 0.050000
0 0.709375 0.440625 0.003125 0.043750
0 0.338281 0.515625 0.051562 0.003125
0 0.140625 0.610156 0.046875 0.004687
0 0.146875 0.276562 0.043750 0.003125
0 0.574219 0.770312 0.004687 0.046875
1 0.142187 0.270313 0.046875 0.009375
1 0.257031 0.268750 0.117188 0.009375
1 0.489844 0.243750 0.160938 0.006250
1 0.685937 0.242188 0.046875 0.009375
1 0.824219 0.242969 0.114062 0.007812
1 0.923438 0.598437 0.006250 0.115625
1 0.924219 0.738281 0.004687 0.092188
13 0.744531 0.539062 0.064062 0.025000
13 0.887500 0.539062 0.037500 0.025000
13 0.772656 0.827344 0.117188 0.032813
13 0.730469 0.296875 0.023438 0.065625
13 0.903906 0.314063 0.029687 0.034375
13 0.904687 0.459375 0.028125 0.034375
13 0.185156 0.457031 0.023438 0.051562
13 0.345313 0.314844 0.025000 0.035937
13 0.346094 0.442188 0.026562 0.034375
3 0.756250 0.296875 0.025000 0.028125
3 0.495312 0.603125 0.025000 0.015625
3 0.530469 0.602344 0.029687 0.017188
3 0.564063 0.603906 0.028125 0.017188
3 0.602344 0.642188 0.017188 0.028125
3 0.495312 0.678906 0.028125 0.014063
3 0.530469 0.678125 0.026562 0.015625
3 0.563281 0.678906 0.026562 0.014063
3 0.456250 0.642969 0.015625 0.029687
3 0.740625 0.564844 0.028125 0.020313
3 0.771875 0.803125 0.031250 0.021875
3 0.209375 0.457031 0.018750 0.026562
5 0.469531 0.506250 0.051562 0.050000
5 0.524219 0.507031 0.048438 0.048438
5 0.575000 0.403906 0.056250 0.139063
5 0.496094 0.300781 0.101562 0.051562
5 0.837500 0.278125 0.081250 0.037500
2 0.730469 0.383594 0.020313 0.095312
12 0.727344 0.381250 0.007812 0.059375
8 0.662500 0.272656 0.100000 0.051562
6 0.634375 0.364063 0.046875 0.025000
6 0.650000 0.775781 0.043750 0.023438
5 0.863281 0.749219 0.064062 0.126562
2 0.866406 0.828125 0.070312 0.028125
4 0.825000 0.582031 0.090625 0.107813
4 0.851562 0.387500 0.137500 0.115625
4 0.304688 0.381250 0.115625 0.090625
12 0.177344 0.380469 0.007812 0.057813
12 0.372656 0.403906 0.010937 0.085938
7 0.628906 0.411719 0.032813 0.051562
7 0.657031 0.814063 0.029687 0.031250
7 0.075781 0.326562 0.032813 0.034375
6 0.140625 0.402344 0.021875 0.042188
2 0.376563 0.315625 0.021875 0.056250
2 0.378125 0.403906 0.025000 0.114062
2 0.182812 0.378906 0.018750 0.092188
2 0.496875 0.403906 0.056250 0.092188
2 0.576562 0.302344 0.034375 0.035937
2 0.576562 0.503906 0.037500 0.035937
2 0.499219 0.775000 0.020313 0.087500
2 0.537500 0.735938 0.056250 0.009375
15 0.540625 0.755469 0.043750 0.014063
15 0.635938 0.454688 0.050000 0.015625
5 0.442188 0.381250 0.031250 0.034375
5 0.442188 0.425000 0.034375 0.031250
