0 0.692969 0.631250 0.060937 0.093750
0 0.168750 0.489062 0.050000 0.078125
14 0.169531 0.381250 0.032813 0.046875
14 0.169531 0.333594 0.032813 0.042188
6 0.213281 0.403906 0.026562 0.064062
7 0.266406 0.417188 0.032813 0.037500
0 0.271094 0.342187 0.042188 0.062500
7 0.265625 0.701562 0.034375 0.034375
9 0.210938 0.609375 0.018750 0.068750
10 0.306250 0.694531 0.031250 0.057813
3 0.353906 0.689063 0.020313 0.046875
3 0.354687 0.635156 0.015625 0.045312
3 0.353906 0.581250 0.017188 0.043750
3 0.421875 0.689063 0.018750 0.046875
3 0.421094 0.635156 0.020313 0.045312
3 0.420312 0.580469 0.018750 0.045312
2 0.387500 0.634375 0.046875 0.178125
5 0.521094 0.525000 0.032813 0.059375
5 0.521094 0.418750 0.029687 0.059375
2 0.517188 0.471875 0.018750 0.034375
2 0.518750 0.357031 0.018750 0.042188
2 0.655469 0.354688 0.020313 0.043750
5 0.587500 0.346094 0.103125 0.064062
2 0.587500 0.468750 0.043750 0.084375
12 0.591406 0.706250 0.079687 0.012500
2 0.611719 0.706250 0.210938 0.037500
2 0.242969 0.701562 0.095312 0.043750
2 0.209375 0.606250 0.031250 0.143750
1 0.189062 0.618750 0.009375 0.100000
1 0.190625 0.369531 0.009375 0.085938
2 0.703906 0.441406 0.023438 0.257812
