1 0.082812 0.232813 0.009375 0.287500
1 0.078906 0.528906 0.010937 0.132812
1 0.078906 0.759375 0.010937 0.156250
1 0.817187 0.515625 0.009375 0.062500
1 0.816406 0.717969 0.010937 0.123438
12 0.284375 0.092188 0.100000 0.018750
2 0.268750 0.100000 0.228125 0.037500
17 0.121875 0.100000 0.062500 0.037500
17 0.416406 0.100000 0.067187 0.037500
17 0.678906 0.093750 0.076563 0.021875
17 0.753906 0.093750 0.073438 0.021875
0 0.750781 0.157031 0.107813 0.095312
17 0.764844 0.228125 0.051562 0.031250
17 0.771875 0.278125 0.050000 0.046875
7 0.840625 0.278906 0.084375 0.048438
2 0.926562 0.278906 0.087500 0.048438
9 0.944531 0.348438 0.048438 0.075000
2 0.944531 0.360156 0.045312 0.110937
10 0.780469 0.432031 0.057813 0.054688
0 0.860938 0.510938 0.071875 0.081250
16 0.953906 0.628906 0.029687 0.082812
7 0.847656 0.745313 0.045312 0.071875
14 0.855469 0.817187 0.067187 0.068750
15 0.834375 0.870313 0.021875 0.021875
15 0.039062 0.420312 0.025000 0.059375
15 0.046875 0.637500 0.046875 0.062500
15 0.621875 0.835156 0.025000 0.048438
5 0.128906 0.198437 0.057813 0.062500
5 0.128125 0.294531 0.056250 0.060937
5 0.282031 0.359375 0.229687 0.056250
5 0.441406 0.258594 0.057813 0.120313
2 0.284375 0.243750 0.090625 0.068750
2 0.437500 0.355469 0.043750 0.042188
2 0.128906 0.353125 0.042188 0.043750
2 0.130469 0.246875 0.042188 0.025000
2 0.626563 0.386719 0.075000 0.148438
3 0.570312 0.340625 0.034375 0.037500
3 0.571094 0.386719 0.035937 0.039062
3 0.570312 0.432812 0.034375 0.037500
3 0.680469 0.341406 0.032813 0.039062
3 0.678906 0.386719 0.035937 0.035937
3 0.678906 0.433594 0.035937 0.039062
15 0.771875 0.578906 0.078125 0.023438
0 0.592187 0.501563 0.065625 0.059375
6 0.686719 0.563281 0.035937 0.057813
7 0.604688 0.567187 0.075000 0.050000
17 0.625781 0.775781 0.032813 0.048438
4 0.727344 0.810156 0.167187 0.120313
13 0.721875 0.623437 0.103125 0.050000
13 0.792188 0.675000 0.037500 0.150000
11 0.618750 0.623437 0.100000 0.050000
11 0.359375 0.552344 0.046875 0.107813
11 0.424219 0.518750 0.079687 0.043750
11 0.302344 0.557031 0.045312 0.114062
13 0.104688 0.496094 0.040625 0.067187
13 0.191406 0.417969 0.126562 0.042188
3 0.186719 0.455469 0.039062 0.032813
4 0.182812 0.571094 0.156250 0.082812
4 0.236719 0.767969 0.126562 0.157812
13 0.128125 0.829688 0.084375 0.034375
13 0.345313 0.830469 0.090625 0.039062
3 0.343750 0.792969 0.037500 0.032813
0 0.428906 0.755469 0.060937 0.064062
0 0.436719 0.685937 0.079687 0.071875
0 0.599219 0.684375 0.079687 0.071875
3 0.725000 0.667969 0.037500 0.032813
8 0.572656 0.800781 0.057813 0.139063
6 0.496094 0.832031 0.035937 0.057813
7 0.430469 0.837500 0.064062 0.050000
0 0.437500 0.435156 0.078125 0.073438
2 0.546094 0.101562 0.189062 0.040625
