3 0.368750 0.319531 0.025000 0.023438
3 0.330469 0.319531 0.026562 0.023438
3 0.368750 0.414062 0.028125 0.025000
3 0.329688 0.414062 0.025000 0.025000
3 0.411719 0.366406 0.017188 0.035937
3 0.436719 0.668750 0.029687 0.040625
3 0.709375 0.121875 0.043750 0.059375
5 0.353125 0.851562 0.040625 0.056250
5 0.280469 0.856250 0.039062 0.053125
5 0.671875 0.856250 0.046875 0.075000
2 0.634375 0.875781 0.025000 0.032813
2 0.349219 0.365625 0.107813 0.071875
2 0.260938 0.367188 0.068750 0.071875
2 0.279687 0.627344 0.053125 0.070312
5 0.201562 0.652344 0.046875 0.242188
5 0.264844 0.739844 0.079687 0.064062
5 0.283594 0.525000 0.045312 0.059375
17 0.138281 0.406250 0.057813 0.031250
17 0.076562 0.404687 0.062500 0.031250
0 0.073438 0.467969 0.065625 0.085938
0 0.421094 0.170313 0.051562 0.075000
0 0.621094 0.399219 0.054688 0.067187
0 0.571094 0.333594 0.042188 0.060937
0 0.571875 0.255469 0.043750 0.054688
0 0.834375 0.520312 0.046875 0.059375
0 0.839062 0.587500 0.043750 0.056250
1 0.889063 0.323437 0.062500 0.012500
1 0.925781 0.494531 0.007812 0.173437
1 0.898438 0.657031 0.046875 0.010937
1 0.813281 0.721094 0.007812 0.120313
1 0.712500 0.785156 0.190625 0.014063
1 0.477344 0.785156 0.117188 0.014063
1 0.310937 0.785937 0.175000 0.015625
12 0.392969 0.627344 0.007812 0.095312
2 0.389844 0.628125 0.020313 0.212500
2 0.473437 0.653125 0.040625 0.125000
3 0.507031 0.654687 0.026562 0.043750
9 0.209375 0.231250 0.053125 0.046875
2 0.222656 0.230469 0.095312 0.048438
7 0.298438 0.230469 0.034375 0.035937
7 0.517969 0.399219 0.035937 0.070312
7 0.834375 0.439063 0.031250 0.093750
8 0.869531 0.360938 0.101562 0.062500
6 0.894531 0.622656 0.026562 0.054688
14 0.374219 0.167187 0.035937 0.050000
1 0.302344 0.201563 0.042188 0.012500
7 0.294531 0.138281 0.026562 0.067187
16 0.483594 0.167969 0.048438 0.023438
15 0.510156 0.241406 0.017188 0.070312
17 0.480469 0.245312 0.026562 0.078125
2 0.481250 0.327344 0.025000 0.079687
2 0.480469 0.403906 0.026562 0.079687
6 0.519531 0.321094 0.035937 0.029687
1 0.565625 0.200781 0.059375 0.010937
1 0.725781 0.200781 0.170313 0.014063
2 0.675781 0.132031 0.026562 0.032813
17 0.377344 0.229687 0.032813 0.043750
17 0.342187 0.228906 0.034375 0.045312
2 0.317969 0.859375 0.032813 0.043750
15 0.845312 0.260937 0.009375 0.109375
13 0.795313 0.233594 0.025000 0.054688
13 0.796094 0.407031 0.026562 0.054688
13 0.551563 0.653906 0.025000 0.251563
13 0.585938 0.748437 0.028125 0.062500
13 0.585938 0.561719 0.028125 0.067187
4 0.628906 0.654687 0.110937 0.134375
4 0.751562 0.320312 0.112500 0.134375
11 0.617188 0.277344 0.034375 0.145313
11 0.739844 0.465625 0.139063 0.046875
0 0.621094 0.477344 0.051562 0.064062
