3 0.631250 0.319531 0.025000 0.023438
3 0.669531 0.319531 0.026562 0.023438
3 0.631250 0.414062 0.028125 0.025000
3 0.670312 0.414062 0.025000 0.025000
3 0.588281 0.366406 0.017188 0.035937
3 0.563281 0.668750 0.029687 0.040625
3 0.290625 0.121875 0.043750 0.059375
5 0.646875 0.851562 0.040625 0.056250
5 0.719531 0.856250 0.039062 0.053125
5 0.328125 0.856250 0.046875 0.075000
2 0.365625 0.875781 0.025000 0.032813
2 0.650781 0.365625 0.107813 0.071875
2 0.739062 0.367188 0.068750 0.071875
2 0.720313 0.627344 0.053125 0.070312
5 0.798438 0.652344 0.046875 0.242188
5 0.735156 0.739844 0.079687 0.064062
5 0.716406 0.525000 0.045312 0.059375
17 0.861719 0.406250 0.057813 0.031250
17 0.923438 0.404687 0.062500 0.031250
0 0.926562 0.467969 0.065625 0.085938
0 0.578906 0.170313 0.051562 0.075000
0 0.378906 0.399219 0.054688 0.067187
0 0.428906 0.333594 0.042188 0.060937
0 0.428125 0.255469 0.043750 0.054688
0 0.165625 0.520312 0.046875 0.059375
0 0.160938 0.587500 0.043750 0.056250
1 0.110937 0.323437 0.062500 0.012500
1 0.074219 0.494531 0.007812 0.173437
1 0.101562 0.657031 0.046875 0.010937
1 0.186719 0.721094 0.007812 0.120313
1 0.287500 0.785156 0.190625 0.014063
1 0.522656 0.785156 0.117188 0.014063
1 0.689063 0.785937 0.175000 0.015625
12 0.607031 0.627344 0.007812 0.095312
2 0.610156 0.628125 0.020313 0.212500
2 0.526563 0.653125 0.040625 0.125000
3 0.492969 0.654687 0.026562 0.043750
9 0.790625 0.231250 0.053125 0.046875
2 0.777344 0.230469 0.095312 0.048438
7 0.701562 0.230469 0.034375 0.035937
7 0.482031 0.399219 0.035937 0.070312
7 0.165625 0.439063 0.031250 0.093750
8 0.130469 0.360938 0.101562 0.062500
6 0.105469 0.622656 0.026562 0.054688
14 0.625781 0.167187 0.035937 0.050000
1 0.697656 0.201563 0.042188 0.012500
7 0.705469 0.138281 0.026562 0.067187
16 0.516406 0.167969 0.048438 0.023438
15 0.489844 0.241406 0.017188 0.070312
17 0.519531 0.245312 0.026562 0.078125
2 0.518750 0.327344 0.025000 0.079687
2 0.519531 0.403906 0.026562 0.079687
6 0.480469 0.321094 0.035937 0.029687
1 0.434375 0.200781 0.059375 0.010937
1 0.274219 0.200781 0.170313 0.014063
2 0.324219 0.132031 0.026562 0.032813
17 0.622656 0.229687 0.032813 0.043750
17 0.657813 0.228906 0.034375 0.045312
2 0.682031 0.859375 0.032813 0.043750
15 0.154688 0.260937 0.009375 0.109375
13 0.204687 0.233594 0.025000 0.054688
13 0.203906 0.407031 0.026562 0.054688
13 0.448437 0.653906 0.025000 0.251563
13 0.414062 0.748437 0.028125 0.062500
13 0.414062 0.561719 0.028125 0.067187
4 0.371094 0.654687 0.110937 0.134375
4 0.248438 0.320312 0.112500 0.134375
11 0.382812 0.277344 0.034375 0.145313
11 0.260156 0.465625 0.139063 0.046875
0 0.378906 0.477344 0.051562 0.064062
