2 0.334375 0.172656 0.234375 0.054688
2 0.578906 0.221875 0.064062 0.159375
4 0.696875 0.271875 0.071875 0.256250
11 0.567187 0.417188 0.043750 0.228125
3 0.689063 0.696094 0.043750 0.082812
2 0.640625 0.787500 0.187500 0.090625
0 0.571094 0.707813 0.076563 0.131250
0 0.423438 0.703906 0.065625 0.129688
2 0.440625 0.418750 0.028125 0.262500
5 0.786719 0.555469 0.045312 0.085938
5 0.783594 0.387500 0.045312 0.084375
2 0.785937 0.472656 0.034375 0.067187
1 0.741406 0.620312 0.010937 0.253125
1 0.210156 0.455469 0.014063 0.514062
3 0.239063 0.788281 0.040625 0.082812
3 0.317188 0.787500 0.043750 0.084375
15 0.167187 0.112500 0.037500 0.053125
