7 0.596094 0.894531 0.054688 0.039062
14 0.585938 0.833594 0.078125 0.048438
16 0.901563 0.500000 0.050000 0.059375
0 0.114062 0.113281 0.118750 0.004687
0 0.286719 0.192187 0.007812 0.043750
0 0.632812 0.287500 0.090625 0.006250
0 0.486719 0.322656 0.007812 0.060937
0 0.529687 0.569531 0.006250 0.045312
0 0.750000 0.576562 0.043750 0.040625
0 0.564844 0.598438 0.076563 0.006250
11 0.558594 0.735938 0.064062 0.128125
11 0.514062 0.429688 0.065625 0.128125
11 0.514844 0.146094 0.064062 0.145313
3 0.608594 0.118750 0.051562 0.028125
3 0.796094 0.450000 0.045312 0.025000
3 0.432031 0.736719 0.048438 0.032813
3 0.432031 0.698437 0.048438 0.031250
3 0.431250 0.660156 0.050000 0.032813
3 0.275781 0.736719 0.048438 0.032813
3 0.277344 0.699219 0.048438 0.029687
3 0.277344 0.660938 0.045312 0.031250
2 0.353125 0.698437 0.103125 0.118750
9 0.165625 0.767969 0.053125 0.051562
7 0.158594 0.674219 0.057813 0.048438
2 0.161719 0.721875 0.067187 0.153125
17 0.161719 0.624219 0.064062 0.042188
17 0.148438 0.509375 0.037500 0.056250
10 0.169531 0.572656 0.076563 0.051562
12 0.135156 0.402344 0.017188 0.085938
2 0.147656 0.414844 0.039062 0.245312
17 0.250781 0.149219 0.042188 0.079687
17 0.183594 0.087500 0.060937 0.025000
17 0.243750 0.087500 0.059375 0.025000
7 0.330469 0.090625 0.067187 0.034375
0 0.400781 0.131250 0.048438 0.040625
6 0.401562 0.185937 0.078125 0.034375
15 0.461719 0.186719 0.020313 0.060937
5 0.332031 0.314063 0.089063 0.059375
5 0.428125 0.421875 0.087500 0.156250
2 0.425000 0.310937 0.059375 0.037500
2 0.323437 0.441406 0.065625 0.042188
2 0.324219 0.395312 0.064062 0.040625
13 0.859375 0.630469 0.050000 0.057813
13 0.857031 0.781250 0.048438 0.034375
13 0.794531 0.478906 0.073438 0.032813
13 0.570312 0.479688 0.046875 0.031250
4 0.675781 0.425000 0.179688 0.134375
4 0.778125 0.708594 0.209375 0.114062
3 0.812500 0.628125 0.040625 0.031250
1 0.892188 0.710938 0.015625 0.178125
1 0.843750 0.560937 0.018750 0.059375
1 0.843750 0.407813 0.018750 0.109375
1 0.843750 0.234375 0.018750 0.112500
13 0.608594 0.089063 0.126562 0.031250
4 0.752344 0.139844 0.160938 0.129688
15 0.785156 0.509375 0.095312 0.018750
1 0.340625 0.803906 0.275000 0.007812
17 0.494531 0.569531 0.042188 0.045312
17 0.496094 0.523438 0.042188 0.043750
