17 0.847656 0.121875 0.035937 0.025000
17 0.628125 0.141406 0.025000 0.051562
17 0.043750 0.328125 0.050000 0.062500
17 0.033594 0.550000 0.026562 0.059375
11 0.302344 0.412500 0.045312 0.115625
11 0.360156 0.415625 0.048438 0.112500
11 0.427344 0.449219 0.082812 0.045312
4 0.180469 0.396875 0.160938 0.084375
4 0.253125 0.195312 0.128125 0.162500
4 0.732812 0.154688 0.162500 0.109375
1 0.074219 0.217188 0.010937 0.134375
1 0.075000 0.437500 0.009375 0.134375
1 0.075781 0.740625 0.010937 0.293750
1 0.822656 0.450781 0.010937 0.064062
1 0.822656 0.254688 0.010937 0.128125
14 0.863281 0.180469 0.067187 0.067187
7 0.853125 0.252344 0.046875 0.073438
16 0.967969 0.374219 0.029687 0.085938
0 0.866406 0.457813 0.073438 0.078125
9 0.957031 0.598437 0.048438 0.071875
9 0.848437 0.682813 0.084375 0.046875
2 0.892969 0.681250 0.176563 0.050000
2 0.957031 0.610156 0.048438 0.095312
17 0.780469 0.682813 0.051562 0.043750
10 0.791406 0.548438 0.060937 0.050000
17 0.781250 0.394531 0.071875 0.026562
17 0.800000 0.360938 0.031250 0.025000
13 0.799219 0.278125 0.032813 0.137500
13 0.730469 0.348438 0.104688 0.050000
3 0.732031 0.306250 0.039062 0.037500
6 0.700000 0.412500 0.034375 0.059375
7 0.610938 0.409375 0.078125 0.050000
0 0.598437 0.475000 0.068750 0.059375
0 0.603906 0.286719 0.079687 0.070312
11 0.626563 0.346875 0.106250 0.056250
17 0.632031 0.201563 0.032813 0.046875
14 0.577344 0.170313 0.060937 0.143750
6 0.501563 0.135156 0.034375 0.060937
7 0.434375 0.130469 0.065625 0.051562
0 0.432812 0.215625 0.059375 0.065625
0 0.438281 0.286719 0.079687 0.073438
13 0.357812 0.132031 0.068750 0.039062
13 0.154688 0.132812 0.062500 0.040625
3 0.357031 0.169531 0.039062 0.035937
5 0.125000 0.302344 0.075000 0.076563
2 0.101562 0.245312 0.031250 0.034375
13 0.100781 0.478125 0.042188 0.075000
13 0.185156 0.553906 0.123438 0.039062
3 0.190625 0.516406 0.037500 0.035937
12 0.253906 0.339062 0.082812 0.009375
2 0.631250 0.591406 0.075000 0.154688
3 0.686719 0.542969 0.035937 0.039062
3 0.686719 0.590625 0.035937 0.037500
3 0.686719 0.636719 0.035937 0.039062
3 0.575000 0.637500 0.037500 0.040625
3 0.575000 0.590625 0.034375 0.037500
3 0.575781 0.543750 0.035937 0.037500
0 0.439063 0.538281 0.078125 0.073438
13 0.771875 0.733594 0.053125 0.032813
0 0.756250 0.810156 0.109375 0.098437
17 0.683594 0.878906 0.079687 0.032813
17 0.762500 0.878906 0.075000 0.035937
2 0.546875 0.879687 0.193750 0.031250
12 0.252344 0.885156 0.101562 0.010937
2 0.255469 0.884375 0.210938 0.025000
2 0.129688 0.617188 0.043750 0.046875
2 0.128906 0.725000 0.045312 0.021875
2 0.262500 0.730469 0.093750 0.070312
2 0.383594 0.617969 0.042188 0.045312
5 0.125000 0.679688 0.068750 0.059375
5 0.125000 0.774219 0.068750 0.060937
5 0.259375 0.612500 0.181250 0.059375
5 0.387500 0.727344 0.059375 0.120313
