13 0.270313 0.889844 0.025000 0.035937
13 0.270313 0.761719 0.025000 0.035937
13 0.393750 0.178906 0.046875 0.023438
13 0.270313 0.178125 0.031250 0.025000
13 0.297656 0.026563 0.060937 0.025000
13 0.442969 0.025781 0.064062 0.023438
4 0.326562 0.216406 0.081250 0.104688
4 0.370312 0.065625 0.081250 0.100000
5 0.283594 0.088281 0.039062 0.076563
5 0.463281 0.828906 0.023438 0.023438
5 0.462500 0.792187 0.025000 0.025000
5 0.542188 0.828125 0.025000 0.025000
5 0.541406 0.792187 0.023438 0.025000
5 0.692187 0.886719 0.096875 0.048438
5 0.768750 0.785156 0.050000 0.148438
5 0.707812 0.684375 0.078125 0.084375
5 0.610156 0.779688 0.032813 0.031250
5 0.610156 0.740625 0.029687 0.031250
2 0.689844 0.793750 0.051562 0.081250
2 0.547656 0.578125 0.051562 0.106250
2 0.542969 0.450781 0.070312 0.023438
2 0.613281 0.450000 0.070312 0.025000
2 0.709375 0.570312 0.106250 0.021875
2 0.726562 0.599219 0.137500 0.020313
2 0.413281 0.339844 0.067187 0.035937
2 0.389844 0.490625 0.117188 0.031250
9 0.420312 0.487500 0.043750 0.025000
7 0.348438 0.451562 0.031250 0.043750
7 0.432812 0.580469 0.028125 0.048438
7 0.538281 0.418750 0.032813 0.028125
3 0.396094 0.201562 0.026562 0.021875
3 0.509375 0.606250 0.018750 0.021875
3 0.509375 0.575000 0.018750 0.025000
3 0.510156 0.547656 0.017188 0.023438
3 0.547656 0.515625 0.026562 0.015625
3 0.582812 0.547656 0.015625 0.023438
3 0.582812 0.607812 0.015625 0.021875
3 0.582812 0.575781 0.015625 0.026562
3 0.547656 0.639062 0.023438 0.015625
12 0.580469 0.809375 0.007812 0.078125
2 0.580469 0.806250 0.020313 0.231250
2 0.538281 0.698437 0.064062 0.015625
4 0.313281 0.825781 0.110937 0.098437
1 0.353125 0.923437 0.106250 0.009375
1 0.480469 0.924219 0.082812 0.007812
1 0.667969 0.922656 0.145313 0.007812
11 0.314844 0.721094 0.117188 0.032813
11 0.269531 0.675781 0.029687 0.057813
11 0.433594 0.214844 0.026562 0.098437
11 0.490625 0.064063 0.031250 0.100000
12 0.428125 0.823437 0.006250 0.050000
2 0.424219 0.824219 0.017188 0.110937
2 0.501563 0.903125 0.090625 0.021875
2 0.502344 0.810938 0.048438 0.093750
17 0.779687 0.553125 0.031250 0.062500
17 0.779687 0.491406 0.034375 0.060937
17 0.303125 0.345313 0.040625 0.056250
10 0.351562 0.340625 0.040625 0.031250
8 0.354687 0.557031 0.043750 0.092188
14 0.307031 0.619531 0.032813 0.035937
15 0.438281 0.632812 0.017188 0.034375
1 0.251563 0.616406 0.006250 0.042188
1 0.250781 0.405469 0.007812 0.042188
1 0.326562 0.454688 0.006250 0.043750
1 0.328125 0.553125 0.006250 0.062500
1 0.252344 0.239062 0.007812 0.106250
1 0.251563 0.089063 0.006250 0.125000
3 0.444531 0.049219 0.023438 0.017188
15 0.626563 0.421875 0.043750 0.015625
6 0.576562 0.412500 0.018750 0.040625
6 0.427344 0.535156 0.039062 0.026562
0 0.364063 0.679688 0.037500 0.046875
0 0.484375 0.714062 0.053125 0.003125
0 0.425781 0.371875 0.042188 0.006250
0 0.425781 0.314844 0.042188 0.004687
0 0.504687 0.204688 0.003125 0.043750
0 0.535937 0.348437 0.040625 0.003125
