13 0.110156 0.270313 0.035937 0.025000
13 0.238281 0.270313 0.035937 0.025000
13 0.821094 0.393750 0.023438 0.046875
13 0.821875 0.270313 0.025000 0.031250
13 0.973437 0.297656 0.025000 0.060937
13 0.974219 0.442969 0.023438 0.064062
4 0.783594 0.326562 0.104688 0.081250
4 0.934375 0.370312 0.100000 0.081250
5 0.911719 0.283594 0.076563 0.039062
5 0.171094 0.463281 0.023438 0.023438
5 0.207813 0.462500 0.025000 0.025000
5 0.171875 0.542188 0.025000 0.025000
5 0.207813 0.541406 0.025000 0.023438
5 0.113281 0.692187 0.048438 0.096875
5 0.214844 0.768750 0.148438 0.050000
5 0.315625 0.707812 0.084375 0.078125
5 0.220312 0.610156 0.031250 0.032813
5 0.259375 0.610156 0.031250 0.029687
2 0.206250 0.689844 0.081250 0.051562
2 0.421875 0.547656 0.106250 0.051562
2 0.549219 0.542969 0.023438 0.070312
2 0.550000 0.613281 0.025000 0.070312
2 0.429688 0.709375 0.021875 0.106250
2 0.400781 0.726562 0.020313 0.137500
2 0.660156 0.413281 0.035937 0.067187
2 0.509375 0.389844 0.031250 0.117188
9 0.512500 0.420312 0.025000 0.043750
7 0.548438 0.348438 0.043750 0.031250
7 0.419531 0.432812 0.048438 0.028125
7 0.581250 0.538281 0.028125 0.032813
3 0.798438 0.396094 0.021875 0.026562
3 0.393750 0.509375 0.021875 0.018750
3 0.425000 0.509375 0.025000 0.018750
3 0.452344 0.510156 0.023438 0.017188
3 0.484375 0.547656 0.015625 0.026562
3 0.452344 0.582812 0.023438 0.015625
3 0.392188 0.582812 0.021875 0.015625
3 0.424219 0.582812 0.026562 0.015625
3 0.360938 0.547656 0.015625 0.023438
12 0.190625 0.580469 0.078125 0.007812
2 0.193750 0.580469 0.231250 0.020313
2 0.301563 0.538281 0.015625 0.064062
4 0.174219 0.313281 0.098437 0.110937
1 0.076563 0.353125 0.009375 0.106250
1 0.075781 0.480469 0.007812 0.082812
1 0.077344 0.667969 0.007812 0.145313
11 0.278906 0.314844 0.032813 0.117188
11 0.324219 0.269531 0.057813 0.029687
11 0.785156 0.433594 0.098437 0.026562
11 0.935937 0.490625 0.100000 0.031250
12 0.176563 0.428125 0.050000 0.006250
2 0.175781 0.424219 0.110937 0.017188
2 0.096875 0.501563 0.021875 0.090625
2 0.189062 0.502344 0.093750 0.048438
17 0.446875 0.779687 0.062500 0.031250
17 0.508594 0.779687 0.060937 0.034375
17 0.654687 0.303125 0.056250 0.040625
10 0.659375 0.351562 0.031250 0.040625
8 0.442969 0.354687 0.092188 0.043750
14 0.380469 0.307031 0.035937 0.032813
15 0.367188 0.438281 0.034375 0.017188
1 0.383594 0.251563 0.042188 0.006250
1 0.594531 0.250781 0.042188 0.007812
1 0.545312 0.326562 0.043750 0.006250
1 0.446875 0.328125 0.062500 0.006250
1 0.760938 0.252344 0.106250 0.007812
1 0.910937 0.251563 0.125000 0.006250
3 0.950781 0.444531 0.017188 0.023438
15 0.578125 0.626563 0.015625 0.043750
6 0.587500 0.576562 0.040625 0.018750
6 0.464844 0.427344 0.026562 0.039062
0 0.320312 0.364063 0.046875 0.037500
0 0.285938 0.484375 0.003125 0.053125
0 0.628125 0.425781 0.006250 0.042188
0 0.685156 0.425781 0.004687 0.042188
0 0.795312 0.504687 0.043750 0.003125
0 0.651563 0.535937 0.003125 0.040625
