1 0.923437 0.345313 0.009375 0.106250
1 0.923437 0.475000 0.009375 0.084375
1 0.924219 0.658594 0.004687 0.142187
1 0.556250 0.321094 0.062500 0.007812
1 0.457812 0.321094 0.043750 0.010937
1 0.242188 0.246094 0.106250 0.007812
1 0.092969 0.246094 0.126562 0.007812
1 0.615625 0.246094 0.046875 0.010937
1 0.408594 0.247656 0.045312 0.007812
13 0.885156 0.271875 0.026562 0.021875
13 0.766406 0.271875 0.048438 0.025000
13 0.896094 0.417969 0.045312 0.017188
13 0.032813 0.301563 0.021875 0.078125
13 0.033594 0.439844 0.026562 0.032813
4 0.831250 0.311719 0.087500 0.104688
4 0.221875 0.317969 0.103125 0.079687
4 0.069531 0.382031 0.098437 0.079687
14 0.621094 0.300781 0.035937 0.032813
8 0.558594 0.347656 0.089063 0.045312
7 0.455469 0.342969 0.042188 0.026562
9 0.490625 0.412500 0.028125 0.037500
2 0.492969 0.383594 0.029687 0.117188
0 0.342969 0.406250 0.032813 0.065625
10 0.346875 0.347656 0.037500 0.039062
6 0.536719 0.421875 0.023438 0.040625
6 0.416406 0.568750 0.035937 0.021875
7 0.582813 0.425781 0.046875 0.029687
7 0.421094 0.532813 0.026562 0.028125
5 0.882031 0.683594 0.045312 0.089063
5 0.775781 0.758594 0.154688 0.045312
5 0.671094 0.707812 0.048438 0.040625
5 0.671094 0.660937 0.045312 0.040625
5 0.137500 0.285938 0.050000 0.053125
5 0.889063 0.495312 0.059375 0.125000
2 0.785156 0.572656 0.176563 0.023438
12 0.779688 0.571094 0.078125 0.007812
2 0.776562 0.682813 0.084375 0.056250
2 0.581250 0.548438 0.096875 0.093750
2 0.455469 0.568750 0.023438 0.140625
12 0.831250 0.420312 0.050000 0.006250
17 0.360938 0.301563 0.031250 0.034375
17 0.561719 0.767188 0.064062 0.034375
17 0.497656 0.767188 0.060937 0.034375
11 0.071094 0.483594 0.098437 0.029687
11 0.219531 0.426563 0.095312 0.031250
15 0.635156 0.432031 0.035937 0.017188
11 0.721875 0.307812 0.031250 0.118750
11 0.676563 0.265625 0.056250 0.031250
3 0.767969 0.300000 0.026562 0.025000
3 0.581250 0.491406 0.021875 0.017188
3 0.547656 0.503125 0.026562 0.025000
3 0.528906 0.530469 0.023438 0.026562
3 0.527344 0.564844 0.020313 0.029687
3 0.548438 0.592969 0.025000 0.026562
3 0.581250 0.603906 0.025000 0.020313
3 0.613281 0.593750 0.026562 0.028125
3 0.638281 0.565625 0.023438 0.025000
3 0.633594 0.531250 0.020313 0.025000
3 0.206250 0.387500 0.018750 0.021875
3 0.817188 0.467969 0.034375 0.029687
3 0.760156 0.467969 0.029687 0.035937
3 0.815625 0.525000 0.031250 0.034375
3 0.759375 0.524219 0.031250 0.035937
3 0.057813 0.281250 0.025000 0.028125
13 0.184375 0.263281 0.025000 0.026562
13 0.183594 0.385156 0.023438 0.051562
2 0.829687 0.416406 0.087500 0.017188
2 0.603125 0.716406 0.021875 0.135937
2 0.576562 0.698438 0.031250 0.103125
2 0.674219 0.757812 0.035937 0.037500
2 0.878906 0.755469 0.032813 0.035937
0 0.682812 0.360938 0.043750 0.021875
0 0.211719 0.498437 0.045312 0.003125
12 0.162500 0.380469 0.006250 0.048438
2 0.158594 0.381250 0.010937 0.075000
0 0.493750 0.731250 0.056250 0.003125
0 0.660938 0.418750 0.003125 0.040625
0 0.632812 0.416406 0.034375 0.004687
0 0.320312 0.419531 0.003125 0.045312
0 0.715625 0.464844 0.006250 0.035937
0 0.717969 0.530469 0.007812 0.054688
15 0.427344 0.617969 0.017188 0.042188
0 0.353125 0.525781 0.003125 0.039062
