5 0.344531 0.638281 0.151562 0.073438
2 0.435937 0.649219 0.028125 0.048438
1 0.253125 0.892969 0.009375 0.051562
1 0.253125 0.769531 0.009375 0.126562
1 0.225000 0.540625 0.009375 0.137500
1 0.225000 0.395312 0.009375 0.050000
1 0.225000 0.281250 0.009375 0.037500
1 0.346094 0.051562 0.126562 0.009375
1 0.514062 0.051562 0.103125 0.009375
1 0.725781 0.051562 0.176563 0.006250
1 0.454688 0.984375 0.053125 0.006250
1 0.643750 0.986719 0.056250 0.007812
15 0.435156 0.899219 0.014063 0.060937
7 0.313281 0.964063 0.035937 0.031250
6 0.396094 0.894531 0.045312 0.023438
14 0.526563 0.888281 0.040625 0.039062
17 0.547656 0.839062 0.035937 0.037500
2 0.548438 0.762500 0.037500 0.112500
10 0.549219 0.677344 0.042188 0.048438
7 0.653125 0.708594 0.034375 0.048438
9 0.652344 0.827344 0.032813 0.048438
2 0.653125 0.768750 0.037500 0.181250
15 0.794531 0.630469 0.060937 0.023438
17 0.817969 0.597656 0.107813 0.023438
7 0.739844 0.584375 0.032813 0.037500
6 0.733594 0.537500 0.045312 0.021875
6 0.370312 0.439844 0.028125 0.048438
0 0.675000 0.559375 0.043750 0.003125
2 0.706250 0.482812 0.121875 0.037500
5 0.736719 0.312500 0.095312 0.046875
2 0.736719 0.203125 0.073438 0.075000
5 0.644531 0.202344 0.057813 0.160938
5 0.737500 0.093750 0.109375 0.056250
5 0.337500 0.091406 0.056250 0.048438
3 0.341406 0.527344 0.035937 0.032813
3 0.543750 0.560937 0.028125 0.015625
3 0.503125 0.519531 0.015625 0.029687
3 0.503125 0.482812 0.018750 0.028125
3 0.503125 0.446875 0.018750 0.028125
3 0.544531 0.404687 0.026562 0.015625
3 0.585938 0.518750 0.015625 0.028125
3 0.586719 0.482812 0.020313 0.028125
3 0.586719 0.446875 0.020313 0.028125
3 0.288281 0.718750 0.026562 0.015625
3 0.277344 0.322656 0.023438 0.023438
7 0.317969 0.446094 0.057813 0.039062
8 0.257812 0.409375 0.056250 0.109375
0 0.295312 0.372656 0.006250 0.039062
15 0.425781 0.451562 0.048438 0.025000
13 0.339844 0.490625 0.101562 0.040625
13 0.418750 0.485156 0.043750 0.029687
13 0.266406 0.485156 0.048438 0.029687
13 0.428906 0.694531 0.029687 0.026562
13 0.287500 0.692188 0.056250 0.028125
13 0.246094 0.323438 0.029687 0.050000
13 0.246094 0.270312 0.032813 0.056250
13 0.245312 0.100781 0.034375 0.067187
17 0.443750 0.206250 0.015625 0.034375
17 0.442188 0.172656 0.018750 0.029687
11 0.433594 0.251563 0.035937 0.056250
11 0.433594 0.106250 0.035937 0.103125
4 0.312500 0.188281 0.131250 0.120313
4 0.548438 0.135156 0.121875 0.101562
4 0.364063 0.739063 0.100000 0.121875
12 0.364063 0.855469 0.093750 0.007812
11 0.502344 0.801563 0.035937 0.112500
11 0.564844 0.267188 0.089063 0.037500
13 0.596094 0.216406 0.023438 0.064062
13 0.594531 0.071875 0.026562 0.031250
3 0.570312 0.217969 0.021875 0.029687
2 0.570312 0.307813 0.078125 0.034375
2 0.543750 0.482031 0.065625 0.139063
12 0.864062 0.203125 0.009375 0.096875
2 0.855469 0.203125 0.032813 0.253125
2 0.854688 0.389844 0.021875 0.095312
