15 0.622656 0.375000 0.020313 0.050000
15 0.849219 0.500000 0.020313 0.040625
8 0.955469 0.405469 0.057813 0.107813
12 0.957031 0.687500 0.004687 0.053125
12 0.352344 0.673438 0.010937 0.096875
14 0.692969 0.172656 0.042188 0.042188
17 0.689844 0.110937 0.032813 0.015625
17 0.643750 0.324219 0.037500 0.039062
17 0.575000 0.627344 0.034375 0.045312
17 0.574219 0.671094 0.035937 0.045312
17 0.727344 0.615625 0.039062 0.018750
17 0.688281 0.617188 0.039062 0.018750
17 0.971875 0.671094 0.021875 0.029687
17 0.971094 0.701562 0.023438 0.031250
2 0.950781 0.685937 0.017188 0.062500
11 0.962500 0.764844 0.040625 0.095312
11 0.962500 0.606250 0.040625 0.093750
2 0.962500 0.542969 0.040625 0.029687
6 0.864063 0.382031 0.046875 0.029687
6 0.610156 0.440625 0.045312 0.021875
7 0.616406 0.492188 0.032813 0.037500
7 0.857031 0.440625 0.035937 0.059375
5 0.855469 0.815625 0.095312 0.037500
5 0.107031 0.672656 0.054688 0.154688
5 0.204688 0.778906 0.121875 0.054688
1 0.212500 0.818750 0.225000 0.012500
2 0.112500 0.780469 0.043750 0.039062
2 0.113281 0.567187 0.042188 0.040625
5 0.239062 0.569531 0.043750 0.042188
5 0.172656 0.569531 0.042188 0.042188
2 0.204688 0.568750 0.031250 0.037500
2 0.205469 0.673438 0.076563 0.090625
2 0.348437 0.701562 0.025000 0.221875
5 0.399219 0.658594 0.054688 0.048438
5 0.399219 0.764062 0.051562 0.053125
2 0.398438 0.710938 0.037500 0.037500
3 0.496094 0.710938 0.026562 0.034375
13 0.538281 0.790625 0.020313 0.043750
13 0.537500 0.629687 0.021875 0.040625
13 0.530469 0.710156 0.039062 0.114062
13 0.487500 0.825781 0.121875 0.026562
2 0.194531 0.392969 0.029687 0.110937
2 0.288281 0.349219 0.145313 0.023438
2 0.341406 0.460938 0.104688 0.100000
3 0.384375 0.418750 0.037500 0.037500
3 0.341406 0.400000 0.032813 0.021875
3 0.297656 0.419531 0.039062 0.039062
3 0.281250 0.460938 0.021875 0.034375
3 0.298438 0.506250 0.037500 0.034375
3 0.342969 0.521875 0.032813 0.018750
3 0.385156 0.507031 0.039062 0.035937
3 0.403125 0.461719 0.021875 0.032813
2 0.506250 0.440625 0.031250 0.178125
2 0.562500 0.325000 0.121875 0.037500
7 0.517969 0.221094 0.051562 0.039062
9 0.616406 0.223438 0.048438 0.034375
2 0.605469 0.222656 0.117188 0.035937
10 0.398438 0.248438 0.043750 0.050000
1 0.490625 0.843750 0.115625 0.012500
1 0.675781 0.846094 0.110937 0.010937
1 0.858594 0.844531 0.114062 0.010937
13 0.767969 0.814063 0.029687 0.050000
13 0.767969 0.609375 0.026562 0.037500
13 0.768750 0.761719 0.028125 0.035937
13 0.734375 0.808594 0.028125 0.035937
13 0.732031 0.660937 0.029687 0.065625
1 0.789844 0.346875 0.051562 0.009375
4 0.769531 0.388281 0.126562 0.070312
13 0.815625 0.472656 0.031250 0.098437
5 0.776562 0.478125 0.034375 0.034375
17 0.659375 0.438281 0.037500 0.029687
11 0.659375 0.388281 0.037500 0.070312
0 0.700781 0.302344 0.051562 0.004687
0 0.642188 0.496875 0.003125 0.050000
0 0.602344 0.632031 0.004687 0.054688
0 0.782031 0.532031 0.054688 0.007812
0 0.868750 0.499219 0.006250 0.048438
0 0.493750 0.605469 0.037500 0.004687
0 0.533594 0.500781 0.004687 0.051562
4 0.822656 0.683594 0.135937 0.117188
4 0.687500 0.741406 0.121875 0.104688
