3 0.319531 0.368750 0.023438 0.025000
3 0.319531 0.330469 0.023438 0.026562
3 0.414062 0.368750 0.025000 0.028125
3 0.414062 0.329688 0.025000 0.025000
3 0.366406 0.411719 0.035937 0.017188
3 0.668750 0.436719 0.040625 0.029687
3 0.121875 0.709375 0.059375 0.043750
5 0.851562 0.353125 0.056250 0.040625
5 0.856250 0.280469 0.053125 0.039062
5 0.856250 0.671875 0.075000 0.046875
2 0.875781 0.634375 0.032813 0.025000
2 0.365625 0.349219 0.071875 0.107813
2 0.367188 0.260938 0.071875 0.068750
2 0.627344 0.279687 0.070312 0.053125
5 0.652344 0.201562 0.242188 0.046875
5 0.739844 0.264844 0.064062 0.079687
5 0.525000 0.283594 0.059375 0.045312
17 0.406250 0.138281 0.031250 0.057813
17 0.404687 0.076562 0.031250 0.062500
0 0.467969 0.073438 0.085938 0.065625
0 0.170313 0.421094 0.075000 0.051562
0 0.399219 0.621094 0.067187 0.054688
0 0.333594 0.571094 0.060937 0.042188
0 0.255469 0.571875 0.054688 0.043750
0 0.520312 0.834375 0.059375 0.046875
0 0.587500 0.839062 0.056250 0.043750
1 0.323437 0.889063 0.012500 0.062500
1 0.494531 0.925781 0.173437 0.007812
1 0.657031 0.898438 0.010937 0.046875
1 0.721094 0.813281 0.120313 0.007812
1 0.785156 0.712500 0.014063 0.190625
1 0.785156 0.477344 0.014063 0.117188
1 0.785937 0.310937 0.015625 0.175000
12 0.627344 0.392969 0.095312 0.007812
2 0.628125 0.389844 0.212500 0.020313
2 0.653125 0.473437 0.125000 0.040625
3 0.654687 0.507031 0.043750 0.026562
9 0.231250 0.209375 0.046875 0.053125
2 0.230469 0.222656 0.048438 0.095312
7 0.230469 0.298438 0.035937 0.034375
7 0.399219 0.517969 0.070312 0.035937
7 0.439063 0.834375 0.093750 0.031250
8 0.360938 0.869531 0.062500 0.101562
6 0.622656 0.894531 0.054688 0.026562
14 0.167187 0.374219 0.050000 0.035937
1 0.201563 0.302344 0.012500 0.042188
7 0.138281 0.294531 0.067187 0.026562
16 0.167969 0.483594 0.023438 0.048438
15 0.241406 0.510156 0.070312 0.017188
17 0.245312 0.480469 0.078125 0.026562
2 0.327344 0.481250 0.079687 0.025000
2 0.403906 0.480469 0.079687 0.026562
6 0.321094 0.519531 0.029687 0.035937
1 0.200781 0.565625 0.010937 0.059375
1 0.200781 0.725781 0.014063 0.170313
2 0.132031 0.675781 0.032813 0.026562
17 0.229687 0.377344 0.043750 0.032813
17 0.228906 0.342187 0.045312 0.034375
2 0.859375 0.317969 0.043750 0.032813
15 0.260937 0.845312 0.109375 0.009375
13 0.233594 0.795313 0.054688 0.025000
13 0.407031 0.796094 0.054688 0.026562
13 0.653906 0.551563 0.251563 0.025000
13 0.748437 0.585938 0.062500 0.028125
13 0.561719 0.585938 0.067187 0.028125
4 0.654687 0.628906 0.134375 0.110937
4 0.320312 0.751562 0.134375 0.112500
11 0.277344 0.617188 0.145313 0.034375
11 0.465625 0.739844 0.046875 0.139063
0 0.477344 0.621094 0.064062 0.051562
