13 0.889844 0.270313 0.035937 0.025000
13 0.761719 0.270313 0.035937 0.025000
13 0.178906 0.393750 0.023438 0.046875
13 0.178125 0.270313 0.025000 0.031250
13 0.026563 0.297656 0.025000 0.060937
13 0.025781 0.442969 0.023438 0.064062
4 0.216406 0.326562 0.104688 0.081250
4 0.065625 0.370312 0.100000 0.081250
5 0.088281 0.283594 0.076563 0.039062
5 0.828906 0.463281 0.023438 0.023438
5 0.792187 0.462500 0.025000 0.025000
5 0.828125 0.542188 0.025000 0.025000
5 0.792187 0.541406 0.025000 0.023438
5 0.886719 0.692187 0.048438 0.096875
5 0.785156 0.768750 0.148438 0.050000
5 0.684375 0.707812 0.084375 0.078125
5 0.779688 0.610156 0.031250 0.032813
5 0.740625 0.610156 0.031250 0.029687
2 0.793750 0.689844 0.081250 0.051562
2 0.578125 0.547656 0.106250 0.051562
2 0.450781 0.542969 0.023438 0.070312
2 0.450000 0.613281 0.025000 0.070312
2 0.570312 0.709375 0.021875 0.106250
2 0.599219 0.726562 0.020313 0.137500
2 0.339844 0.413281 0.035937 0.067187
2 0.490625 0.389844 0.031250 0.117188
9 0.487500 0.420312 0.025000 0.043750
7 0.451562 0.348438 0.043750 0.031250
7 0.580469 0.432812 0.048438 0.028125
7 0.418750 0.538281 0.028125 0.032813
3 0.201562 0.396094 0.021875 0.026562
3 0.606250 0.509375 0.021875 0.018750
3 0.575000 0.509375 0.025000 0.018750
3 0.547656 0.510156 0.023438 0.017188
3 0.515625 0.547656 0.015625 0.026562
3 0.547656 0.582812 0.023438 0.015625
3 0.607812 0.582812 0.021875 0.015625
3 0.575781 0.582812 0.026562 0.015625
3 0.639062 0.547656 0.015625 0.023438
12 0.809375 0.580469 0.078125 0.007812
2 0.806250 0.580469 0.231250 0.020313
2 0.698437 0.538281 0.015625 0.064062
4 0.825781 0.313281 0.098437 0.110937
1 0.923437 0.353125 0.009375 0.106250
1 0.924219 0.480469 0.007812 0.082812
1 0.922656 0.667969 0.007812 0.145313
11 0.721094 0.314844 0.032813 0.117188
11 0.675781 0.269531 0.057813 0.029687
11 0.214844 0.433594 0.098437 0.026562
11 0.064063 0.490625 0.100000 0.031250
12 0.823437 0.428125 0.050000 0.006250
2 0.824219 0.424219 0.110937 0.017188
2 0.903125 0.501563 0.021875 0.090625
2 0.810938 0.502344 0.093750 0.048438
17 0.553125 0.779687 0.062500 0.031250
17 0.491406 0.779687 0.060937 0.034375
17 0.345313 0.303125 0.056250 0.040625
10 0.340625 0.351562 0.031250 0.040625
8 0.557031 0.354687 0.092188 0.043750
14 0.619531 0.307031 0.035937 0.032813
15 0.632812 0.438281 0.034375 0.017188
1 0.616406 0.251563 0.042188 0.006250
1 0.405469 0.250781 0.042188 0.007812
1 0.454688 0.326562 0.043750 0.006250
1 0.553125 0.328125 0.062500 0.006250
1 0.239062 0.252344 0.106250 0.007812
1 0.089063 0.251563 0.125000 0.006250
3 0.049219 0.444531 0.017188 0.023438
15 0.421875 0.626563 0.015625 0.043750
6 0.412500 0.576562 0.040625 0.018750
6 0.535156 0.427344 0.026562 0.039062
0 0.679688 0.364063 0.046875 0.037500
0 0.714062 0.484375 0.003125 0.053125
0 0.371875 0.425781 0.006250 0.042188
0 0.314844 0.425781 0.004687 0.042188
0 0.204688 0.504687 0.043750 0.003125
0 0.348437 0.535937 0.003125 0.040625
