10 0.273438 0.646875 0.059375 0.050000
17 0.217187 0.684375 0.046875 0.043750
7 0.153125 0.684375 0.078125 0.043750
9 0.091406 0.580469 0.035937 0.057813
2 0.092187 0.617969 0.043750 0.173437
1 0.191406 0.524219 0.117188 0.007812
1 0.307813 0.446875 0.009375 0.046875
1 0.308594 0.322656 0.010937 0.117188
1 0.374219 0.032813 0.117188 0.009375
1 0.882812 0.182031 0.012500 0.132812
1 0.882031 0.350000 0.010937 0.118750
1 0.881250 0.587500 0.009375 0.175000
15 0.342969 0.510156 0.057813 0.020313
13 0.849219 0.291406 0.035937 0.032813
13 0.688281 0.291406 0.060937 0.032813
13 0.839062 0.252344 0.075000 0.032813
13 0.777344 0.253125 0.032813 0.034375
13 0.616406 0.252344 0.039062 0.032813
4 0.697656 0.194531 0.135937 0.148438
3 0.835156 0.223438 0.032813 0.021875
5 0.839062 0.131250 0.062500 0.062500
11 0.804688 0.060156 0.118750 0.042188
11 0.585938 0.060156 0.125000 0.042188
17 0.720313 0.048438 0.046875 0.021875
17 0.673438 0.049219 0.043750 0.020313
12 0.698437 0.064844 0.065625 0.007812
2 0.696875 0.072656 0.096875 0.020313
15 0.490625 0.180469 0.046875 0.017188
7 0.413281 0.168750 0.067187 0.037500
6 0.344531 0.160938 0.032813 0.056250
8 0.377344 0.070312 0.126562 0.065625
13 0.460156 0.216406 0.110937 0.035937
5 0.357812 0.278125 0.090625 0.162500
11 0.358594 0.378906 0.089063 0.042188
3 0.458594 0.250781 0.032813 0.026562
14 0.116406 0.494531 0.048438 0.042188
17 0.082031 0.510938 0.023438 0.015625
6 0.414844 0.494531 0.026562 0.054688
7 0.470313 0.502344 0.040625 0.035937
11 0.633594 0.333594 0.045312 0.114062
3 0.685156 0.325000 0.029687 0.021875
4 0.775781 0.346875 0.114062 0.140625
12 0.775000 0.458594 0.068750 0.007812
5 0.831250 0.550781 0.065625 0.154688
5 0.724219 0.506250 0.145313 0.065625
2 0.628125 0.500781 0.043750 0.045312
2 0.725000 0.596094 0.081250 0.057813
2 0.450781 0.584375 0.057813 0.103125
2 0.561719 0.723437 0.070312 0.021875
2 0.482031 0.723437 0.070312 0.025000
2 0.739063 0.723437 0.162500 0.028125
5 0.627344 0.594531 0.057813 0.054688
5 0.834375 0.649219 0.025000 0.023438
5 0.703906 0.617188 0.026562 0.025000
3 0.493750 0.559375 0.021875 0.031250
3 0.494531 0.606250 0.020313 0.031250
3 0.410156 0.560156 0.020313 0.032813
3 0.411719 0.607031 0.023438 0.035937
12 0.739844 0.728906 0.095312 0.014063
0 0.323438 0.881250 0.006250 0.075000
0 0.485938 0.414062 0.056250 0.006250
0 0.640625 0.460156 0.062500 0.004687
0 0.484375 0.399219 0.065625 0.004687
0 0.527344 0.238281 0.004687 0.064062
0 0.487500 0.160938 0.053125 0.003125
0 0.274219 0.532813 0.060937 0.009375
2 0.273438 0.829688 0.046875 0.078125
17 0.273438 0.763281 0.046875 0.048438
17 0.272656 0.895312 0.048438 0.046875
17 0.417969 0.761719 0.026562 0.060937
17 0.417969 0.824219 0.026562 0.064062
17 0.416406 0.888281 0.029687 0.064062
