1 0.917188 0.232813 0.009375 0.287500
1 0.921094 0.528906 0.010937 0.132812
1 0.921094 0.759375 0.010937 0.156250
1 0.182813 0.515625 0.009375 0.062500
1 0.183594 0.717969 0.010937 0.123438
12 0.715625 0.092188 0.100000 0.018750
2 0.731250 0.100000 0.228125 0.037500
17 0.878125 0.100000 0.062500 0.037500
17 0.583594 0.100000 0.067187 0.037500
17 0.321094 0.093750 0.076563 0.021875
17 0.246094 0.093750 0.073438 0.021875
0 0.249219 0.157031 0.107813 0.095312
17 0.235156 0.228125 0.051562 0.031250
17 0.228125 0.278125 0.050000 0.046875
7 0.159375 0.278906 0.084375 0.048438
2 0.073438 0.278906 0.087500 0.048438
9 0.055469 0.348438 0.048438 0.075000
2 0.055469 0.360156 0.045312 0.110937
10 0.219531 0.432031 0.057813 0.054688
0 0.139062 0.510938 0.071875 0.081250
16 0.046094 0.628906 0.029687 0.082812
7 0.152344 0.745313 0.045312 0.071875
14 0.144531 0.817187 0.067187 0.068750
15 0.165625 0.870313 0.021875 0.021875
15 0.960938 0.420312 0.025000 0.059375
15 0.953125 0.637500 0.046875 0.062500
15 0.378125 0.835156 0.025000 0.048438
5 0.871094 0.198437 0.057813 0.062500
5 0.871875 0.294531 0.056250 0.060937
5 0.717969 0.359375 0.229687 0.056250
5 0.558594 0.258594 0.057813 0.120313
2 0.715625 0.243750 0.090625 0.068750
2 0.562500 0.355469 0.043750 0.042188
2 0.871094 0.353125 0.042188 0.043750
2 0.869531 0.246875 0.042188 0.025000
2 0.373437 0.386719 0.075000 0.148438
3 0.429688 0.340625 0.034375 0.037500
3 0.428906 0.386719 0.035937 0.039062
3 0.429688 0.432812 0.034375 0.037500
3 0.319531 0.341406 0.032813 0.039062
3 0.321094 0.386719 0.035937 0.035937
3 0.321094 0.433594 0.035937 0.039062
15 0.228125 0.578906 0.078125 0.023438
0 0.407813 0.501563 0.065625 0.059375
6 0.313281 0.563281 0.035937 0.057813
7 0.395312 0.567187 0.075000 0.050000
17 0.374219 0.775781 0.032813 0.048438
4 0.272656 0.810156 0.167187 0.120313
13 0.278125 0.623437 0.103125 0.050000
13 0.207812 0.675000 0.037500 0.150000
11 0.381250 0.623437 0.100000 0.050000
11 0.640625 0.552344 0.046875 0.107813
11 0.575781 0.518750 0.079687 0.043750
11 0.697656 0.557031 0.045312 0.114062
13 0.895312 0.496094 0.040625 0.067187
13 0.808594 0.417969 0.126562 0.042188
3 0.813281 0.455469 0.039062 0.032813
4 0.817188 0.571094 0.156250 0.082812
4 0.763281 0.767969 0.126562 0.157812
13 0.871875 0.829688 0.084375 0.034375
13 0.654687 0.830469 0.090625 0.039062
3 0.656250 0.792969 0.037500 0.032813
0 0.571094 0.755469 0.060937 0.064062
0 0.563281 0.685937 0.079687 0.071875
0 0.400781 0.684375 0.079687 0.071875
3 0.275000 0.667969 0.037500 0.032813
8 0.427344 0.800781 0.057813 0.139063
6 0.503906 0.832031 0.035937 0.057813
7 0.569531 0.837500 0.064062 0.050000
0 0.562500 0.435156 0.078125 0.073438
2 0.453906 0.101562 0.189062 0.040625
