0 0.163281 0.845312 0.095312 0.093750
0 0.170313 0.568750 0.075000 0.078125
0 0.282813 0.500000 0.040625 0.056250
0 0.426563 0.503125 0.059375 0.059375
0 0.421875 0.425781 0.075000 0.073438
0 0.494531 0.350781 0.076563 0.073438
0 0.572656 0.425781 0.076563 0.073438
0 0.489844 0.206250 0.060937 0.062500
0 0.340625 0.196875 0.040625 0.062500
2 0.093750 0.781250 0.040625 0.056250
2 0.675000 0.863281 0.281250 0.035937
2 0.781250 0.638281 0.046875 0.048438
2 0.343750 0.720313 0.112500 0.065625
2 0.100781 0.643750 0.051562 0.200000
2 0.164844 0.717969 0.076563 0.048438
9 0.100781 0.584375 0.035937 0.059375
7 0.171875 0.719531 0.050000 0.042188
7 0.412500 0.564063 0.071875 0.050000
7 0.482812 0.120313 0.075000 0.053125
8 0.292187 0.128906 0.137500 0.064062
1 0.303906 0.088281 0.101562 0.010937
6 0.403125 0.125000 0.037500 0.059375
15 0.232813 0.198438 0.021875 0.059375
3 0.577344 0.152344 0.035937 0.029687
3 0.316406 0.672656 0.039062 0.029687
3 0.369531 0.672656 0.039062 0.026562
3 0.367969 0.767969 0.039062 0.026562
3 0.316406 0.768750 0.039062 0.025000
3 0.359375 0.292188 0.040625 0.031250
4 0.689063 0.180469 0.140625 0.170313
4 0.710156 0.508594 0.142187 0.164062
4 0.272656 0.318750 0.098437 0.162500
1 0.217188 0.286719 0.012500 0.101562
1 0.217188 0.496875 0.012500 0.050000
1 0.821094 0.242188 0.014063 0.150000
1 0.821094 0.435937 0.010937 0.084375
1 0.821875 0.742969 0.015625 0.217188
1 0.051562 0.453125 0.015625 0.137500
17 0.496875 0.862500 0.075000 0.037500
15 0.259375 0.578906 0.071875 0.023438
15 0.915625 0.893750 0.028125 0.056250
15 0.915625 0.125000 0.031250 0.059375
13 0.578125 0.114062 0.096875 0.037500
13 0.785937 0.115625 0.059375 0.037500
11 0.719531 0.356250 0.189062 0.050000
11 0.567187 0.530469 0.050000 0.120313
11 0.424219 0.309375 0.048438 0.137500
6 0.342187 0.559375 0.040625 0.059375
16 0.853906 0.538281 0.039062 0.079687
13 0.793750 0.571875 0.040625 0.037500
13 0.619531 0.569531 0.051562 0.039062
13 0.357812 0.256250 0.081250 0.037500
5 0.640625 0.632812 0.187500 0.065625
5 0.517969 0.736719 0.051562 0.051562
5 0.778125 0.726562 0.071875 0.071875
12 0.660156 0.867188 0.104688 0.012500
2 0.640625 0.728906 0.115625 0.067187
