2 0.172656 0.334375 0.054688 0.234375
2 0.221875 0.578906 0.159375 0.064062
4 0.271875 0.696875 0.256250 0.071875
11 0.417188 0.567187 0.228125 0.043750
3 0.696094 0.689063 0.082812 0.043750
2 0.787500 0.640625 0.090625 0.187500
0 0.707813 0.571094 0.131250 0.076563
0 0.703906 0.423438 0.129688 0.065625
2 0.418750 0.440625 0.262500 0.028125
5 0.555469 0.786719 0.085938 0.045312
5 0.387500 0.783594 0.084375 0.045312
2 0.472656 0.785937 0.067187 0.034375
1 0.620312 0.741406 0.253125 0.010937
1 0.455469 0.210156 0.514062 0.014063
3 0.788281 0.239063 0.082812 0.040625
3 0.787500 0.317188 0.084375 0.043750
15 0.112500 0.167187 0.053125 0.037500
