0 0.198437 0.355469 0.071875 0.004687
0 0.413281 0.620313 0.114062 0.009375
0 0.571094 0.651563 0.004687 0.056250
0 0.600000 0.508594 0.003125 0.051562
0 0.490625 0.508594 0.003125 0.051562
0 0.422656 0.317188 0.004687 0.056250
0 0.851562 0.510938 0.003125 0.050000
0 0.764844 0.544531 0.057813 0.004687
17 0.537500 0.103906 0.012500 0.023438
14 0.584375 0.114844 0.043750 0.045312
1 0.525781 0.204687 0.007812 0.109375
1 0.161719 0.847656 0.245312 0.010937
1 0.456250 0.876563 0.121875 0.009375
1 0.646094 0.877344 0.120313 0.010937
1 0.841406 0.878125 0.120313 0.009375
1 0.978125 0.409375 0.009375 0.106250
1 0.732812 0.348438 0.109375 0.009375
1 0.546094 0.349219 0.029687 0.010937
9 0.471875 0.114062 0.053125 0.034375
7 0.377344 0.197656 0.039062 0.060937
10 0.382031 0.258594 0.045312 0.054688
2 0.500000 0.303906 0.037500 0.082812
2 0.378906 0.160938 0.039062 0.134375
2 0.460156 0.112500 0.120313 0.040625
17 0.299219 0.336719 0.054688 0.039062
2 0.211719 0.332813 0.101562 0.031250
15 0.578125 0.382031 0.018750 0.057813
2 0.363281 0.475000 0.060937 0.128125
2 0.145313 0.711719 0.075000 0.085938
2 0.309375 0.724219 0.025000 0.235937
2 0.052344 0.606250 0.039062 0.043750
2 0.052344 0.812500 0.039062 0.040625
5 0.046875 0.710938 0.059375 0.150000
5 0.142187 0.814063 0.118750 0.059375
5 0.142187 0.606250 0.118750 0.056250
5 0.235156 0.685156 0.039062 0.039062
5 0.234375 0.735156 0.037500 0.039062
5 0.357812 0.692187 0.046875 0.050000
5 0.359375 0.790625 0.046875 0.050000
12 0.309375 0.714844 0.009375 0.098437
5 0.100000 0.896875 0.059375 0.059375
2 0.142969 0.878125 0.023438 0.028125
3 0.321094 0.435937 0.023438 0.031250
3 0.321875 0.476562 0.021875 0.031250
3 0.320312 0.514062 0.025000 0.031250
3 0.406250 0.435937 0.021875 0.031250
3 0.406250 0.476562 0.021875 0.028125
3 0.406250 0.514844 0.021875 0.029687
5 0.364844 0.390625 0.029687 0.028125
2 0.356250 0.741406 0.040625 0.032813
3 0.459375 0.741406 0.025000 0.035937
3 0.681250 0.682813 0.025000 0.028125
17 0.541406 0.646094 0.039062 0.048438
17 0.542188 0.694531 0.040625 0.045312
17 0.664844 0.633594 0.045312 0.023438
17 0.707812 0.633594 0.040625 0.023438
17 0.960938 0.694531 0.025000 0.029687
17 0.961719 0.725781 0.020313 0.032813
12 0.943750 0.712500 0.006250 0.046875
2 0.939063 0.709375 0.021875 0.065625
11 0.950781 0.800781 0.042188 0.114062
11 0.950781 0.624219 0.045312 0.101562
11 0.542188 0.795312 0.043750 0.156250
11 0.617969 0.392969 0.039062 0.079687
17 0.617969 0.447656 0.039062 0.026562
13 0.796875 0.483594 0.031250 0.104688
13 0.711719 0.682813 0.029687 0.068750
13 0.714063 0.837500 0.028125 0.037500
13 0.505469 0.828906 0.023438 0.048438
13 0.497656 0.740625 0.042188 0.121875
13 0.504687 0.654687 0.025000 0.050000
5 0.090625 0.521094 0.025000 0.067187
7 0.571875 0.503125 0.034375 0.037500
7 0.840625 0.441406 0.037500 0.060937
3 0.756250 0.488281 0.034375 0.035937
4 0.746875 0.392969 0.137500 0.079687
4 0.662500 0.765625 0.131250 0.106250
4 0.803906 0.709375 0.139063 0.128125
13 0.750000 0.789062 0.028125 0.037500
13 0.751563 0.628125 0.028125 0.040625
13 0.750781 0.844531 0.029687 0.051562
5 0.842187 0.846875 0.100000 0.043750
6 0.566406 0.449219 0.048438 0.026562
6 0.846094 0.383594 0.054688 0.029687
15 0.831250 0.513281 0.018750 0.042188
8 0.942969 0.411719 0.057813 0.114062
13 0.952344 0.557813 0.042188 0.028125
