13 0.100000 0.827344 0.031250 0.051562
13 0.281250 0.826563 0.068750 0.053125
3 0.284375 0.753906 0.043750 0.092188
4 0.181250 0.699219 0.137500 0.307812
5 0.128125 0.345313 0.078125 0.165625
12 0.187500 0.170312 0.093750 0.025000
2 0.173437 0.168750 0.178125 0.059375
11 0.285156 0.254687 0.039062 0.234375
0 0.289062 0.444531 0.068750 0.132812
0 0.560156 0.442969 0.067187 0.135937
11 0.548438 0.255469 0.037500 0.235937
12 0.703906 0.166406 0.089063 0.026562
2 0.708594 0.165625 0.285938 0.059375
13 0.587500 0.826563 0.118750 0.053125
13 0.818750 0.825000 0.071875 0.059375
4 0.713281 0.698437 0.135937 0.309375
5 0.876563 0.703906 0.037500 0.289062
3 0.611719 0.752344 0.048438 0.095312
1 0.863281 0.244531 0.017188 0.089063
1 0.077344 0.496094 0.014063 0.232813
0 0.412500 0.312500 0.050000 0.131250
6 0.471094 0.191406 0.035937 0.107813
7 0.417187 0.181250 0.065625 0.084375
