0 0.845312 0.163281 0.093750 0.095312
0 0.568750 0.170313 0.078125 0.075000
0 0.500000 0.282813 0.056250 0.040625
0 0.503125 0.426563 0.059375 0.059375
0 0.425781 0.421875 0.073438 0.075000
0 0.350781 0.494531 0.073438 0.076563
0 0.425781 0.572656 0.073438 0.076563
0 0.206250 0.489844 0.062500 0.060937
0 0.196875 0.340625 0.062500 0.040625
2 0.781250 0.093750 0.056250 0.040625
2 0.863281 0.675000 0.035937 0.281250
2 0.638281 0.781250 0.048438 0.046875
2 0.720313 0.343750 0.065625 0.112500
2 0.643750 0.100781 0.200000 0.051562
2 0.717969 0.164844 0.048438 0.076563
9 0.584375 0.100781 0.059375 0.035937
7 0.719531 0.171875 0.042188 0.050000
7 0.564063 0.412500 0.050000 0.071875
7 0.120313 0.482812 0.053125 0.075000
8 0.128906 0.292187 0.064062 0.137500
1 0.088281 0.303906 0.010937 0.101562
6 0.125000 0.403125 0.059375 0.037500
15 0.198438 0.232813 0.059375 0.021875
3 0.152344 0.577344 0.029687 0.035937
3 0.672656 0.316406 0.029687 0.039062
3 0.672656 0.369531 0.026562 0.039062
3 0.767969 0.367969 0.026562 0.039062
3 0.768750 0.316406 0.025000 0.039062
3 0.292188 0.359375 0.031250 0.040625
4 0.180469 0.689063 0.170313 0.140625
4 0.508594 0.710156 0.164062 0.142187
4 0.318750 0.272656 0.162500 0.098437
1 0.286719 0.217188 0.101562 0.012500
1 0.496875 0.217188 0.050000 0.012500
1 0.242188 0.821094 0.150000 0.014063
1 0.435937 0.821094 0.084375 0.010937
1 0.742969 0.821875 0.217188 0.015625
1 0.453125 0.051562 0.137500 0.015625
17 0.862500 0.496875 0.037500 0.075000
15 0.578906 0.259375 0.023438 0.071875
15 0.893750 0.915625 0.056250 0.028125
15 0.125000 0.915625 0.059375 0.031250
13 0.114062 0.578125 0.037500 0.096875
13 0.115625 0.785937 0.037500 0.059375
11 0.356250 0.719531 0.050000 0.189062
11 0.530469 0.567187 0.120313 0.050000
11 0.309375 0.424219 0.137500 0.048438
6 0.559375 0.342187 0.059375 0.040625
16 0.538281 0.853906 0.079687 0.039062
13 0.571875 0.793750 0.037500 0.040625
13 0.569531 0.619531 0.039062 0.051562
13 0.256250 0.357812 0.037500 0.081250
5 0.632812 0.640625 0.065625 0.187500
5 0.736719 0.517969 0.051562 0.051562
5 0.726562 0.778125 0.071875 0.071875
12 0.867188 0.660156 0.012500 0.104688
2 0.728906 0.640625 0.067187 0.115625
