9 0.609375 0.967187 0.056250 0.031250
7 0.705469 0.967187 0.032813 0.028125
2 0.664062 0.967969 0.209375 0.035937
1 0.551562 0.953125 0.009375 0.062500
0 0.519531 0.855469 0.070312 0.054688
15 0.578125 0.813281 0.040625 0.014063
10 0.738281 0.825000 0.064062 0.046875
2 0.724219 0.780469 0.085938 0.023438
14 0.107813 0.828125 0.040625 0.037500
13 0.104688 0.781250 0.037500 0.031250
13 0.292187 0.781250 0.118750 0.031250
4 0.179688 0.735938 0.128125 0.121875
3 0.308594 0.742969 0.039062 0.032813
1 0.081250 0.700781 0.009375 0.107813
11 0.182031 0.574219 0.189062 0.035937
11 0.183594 0.421094 0.189062 0.035937
11 0.417969 0.422656 0.107813 0.032813
11 0.452344 0.353125 0.042188 0.106250
11 0.648438 0.396094 0.040625 0.085938
11 0.520312 0.542969 0.156250 0.032813
1 0.438281 0.800781 0.129688 0.010937
1 0.080469 0.125781 0.010937 0.054688
1 0.114844 0.100781 0.057813 0.007812
1 0.398438 0.101562 0.053125 0.006250
1 0.589844 0.102344 0.126562 0.007812
1 0.803906 0.101562 0.229687 0.009375
1 0.078906 0.471875 0.010937 0.053125
15 0.096094 0.526562 0.020313 0.040625
0 0.312500 0.546875 0.062500 0.062500
0 0.247656 0.472656 0.064062 0.048438
0 0.317188 0.415625 0.062500 0.062500
0 0.400781 0.546094 0.064062 0.057813
0 0.521875 0.416406 0.068750 0.060937
0 0.842187 0.757812 0.043750 0.040625
0 0.895312 0.748437 0.062500 0.065625
0 0.578906 0.778125 0.035937 0.040625
0 0.579688 0.611719 0.037500 0.098437
4 0.528906 0.707813 0.145313 0.106250
3 0.537500 0.597656 0.040625 0.029687
8 0.144531 0.497656 0.057813 0.095312
7 0.203906 0.535156 0.039062 0.023438
6 0.247656 0.524219 0.029687 0.042188
1 0.080469 0.176562 0.010937 0.037500
13 0.103906 0.346094 0.035937 0.110937
13 0.105469 0.150000 0.035937 0.087500
4 0.157031 0.242969 0.145313 0.104688
3 0.146875 0.360938 0.040625 0.031250
3 0.189844 0.125000 0.042188 0.034375
3 0.274219 0.125781 0.042188 0.032813
3 0.342187 0.242188 0.012500 0.037500
2 0.339062 0.243750 0.021875 0.109375
17 0.340625 0.167188 0.021875 0.040625
17 0.339844 0.126563 0.020313 0.037500
17 0.239844 0.242188 0.029687 0.081250
0 0.390625 0.271094 0.056250 0.054688
6 0.449219 0.266406 0.048438 0.026562
7 0.459375 0.228125 0.028125 0.031250
8 0.418750 0.132031 0.109375 0.048438
13 0.652344 0.332812 0.039062 0.037500
13 0.653125 0.164844 0.040625 0.117188
4 0.599219 0.268750 0.142187 0.106250
3 0.607031 0.144531 0.035937 0.032813
2 0.723437 0.038281 0.053125 0.042188
3 0.776563 0.039062 0.043750 0.037500
3 0.669531 0.037500 0.048438 0.037500
2 0.717187 0.400000 0.040625 0.037500
2 0.717969 0.158594 0.042188 0.035937
2 0.807031 0.278906 0.054688 0.076563
5 0.710938 0.278906 0.059375 0.185938
5 0.812500 0.401563 0.075000 0.050000
5 0.813281 0.152344 0.120313 0.048438
2 0.951562 0.720313 0.034375 0.096875
2 0.944531 0.637500 0.039062 0.034375
5 0.946094 0.593750 0.045312 0.043750
3 0.728125 0.705469 0.034375 0.023438
3 0.772656 0.664844 0.029687 0.026562
3 0.774219 0.625781 0.029687 0.026562
3 0.773438 0.587500 0.031250 0.028125
3 0.681250 0.665625 0.028125 0.025000
3 0.683594 0.625781 0.029687 0.026562
3 0.681250 0.586719 0.028125 0.026562
3 0.728125 0.545312 0.031250 0.025000
2 0.726562 0.625781 0.062500 0.132812
17 0.953906 0.423438 0.029687 0.050000
17 0.955469 0.371875 0.029687 0.053125
17 0.954688 0.182031 0.031250 0.051562
17 0.953906 0.133594 0.029687 0.048438
12 0.955469 0.277344 0.014063 0.085938
2 0.954688 0.277344 0.028125 0.135937
