6 0.354688 0.162500 0.028125 0.050000
6 0.420312 0.439844 0.025000 0.045312
7 0.412500 0.169531 0.062500 0.035937
7 0.472656 0.432031 0.035937 0.035937
7 0.171094 0.625000 0.064062 0.040625
9 0.090625 0.533594 0.034375 0.051562
2 0.090625 0.564844 0.040625 0.157812
2 0.157031 0.625781 0.092188 0.039062
10 0.229688 0.622656 0.050000 0.048438
2 0.277344 0.504687 0.079687 0.037500
1 0.179688 0.480469 0.106250 0.010937
17 0.079688 0.466406 0.018750 0.014063
14 0.090625 0.421094 0.040625 0.045312
1 0.321094 0.459375 0.007812 0.028125
17 0.354688 0.425781 0.056250 0.020313
0 0.479688 0.513281 0.050000 0.004687
11 0.377344 0.388281 0.098437 0.039062
4 0.367969 0.263281 0.076563 0.139063
1 0.321875 0.275000 0.009375 0.106250
13 0.457031 0.210938 0.098437 0.034375
3 0.459375 0.241406 0.031250 0.023438
0 0.477344 0.406250 0.054688 0.003125
15 0.482812 0.177344 0.043750 0.020313
8 0.384375 0.065625 0.112500 0.059375
1 0.379687 0.031250 0.106250 0.012500
0 0.479688 0.157031 0.050000 0.004687
12 0.658594 0.064844 0.057813 0.007812
12 0.667187 0.692187 0.081250 0.009375
17 0.677344 0.049219 0.035937 0.023438
17 0.641406 0.048438 0.032813 0.025000
11 0.567188 0.057813 0.112500 0.040625
11 0.752344 0.057031 0.110937 0.042188
2 0.659375 0.071094 0.071875 0.020313
5 0.806250 0.171094 0.050000 0.110937
5 0.768750 0.811719 0.053125 0.039062
5 0.767969 0.909375 0.060937 0.137500
5 0.663281 0.949219 0.148438 0.057813
2 0.571094 0.949219 0.026562 0.042188
5 0.576562 0.851562 0.040625 0.084375
2 0.667187 0.850781 0.065625 0.067187
5 0.496094 0.911719 0.067187 0.026562
0 0.328906 0.803906 0.007812 0.067187
2 0.305469 0.792969 0.032813 0.095312
17 0.308594 0.710938 0.035937 0.056250
13 0.757031 0.257031 0.042188 0.029687
13 0.598438 0.257031 0.040625 0.029687
13 0.802344 0.292187 0.035937 0.028125
13 0.635937 0.295312 0.090625 0.034375
13 0.603125 0.332031 0.025000 0.042188
2 0.721094 0.541406 0.051562 0.114062
2 0.647656 0.660937 0.107813 0.028125
13 0.755469 0.659375 0.107813 0.031250
2 0.664844 0.696094 0.154688 0.029687
2 0.824219 0.550000 0.020313 0.093750
3 0.765625 0.540625 0.037500 0.037500
3 0.680469 0.517969 0.026562 0.032813
3 0.680469 0.564063 0.023438 0.034375
3 0.649219 0.331250 0.029687 0.031250
3 0.485156 0.597656 0.029687 0.020313
3 0.446094 0.598437 0.029687 0.021875
3 0.407813 0.598437 0.034375 0.021875
3 0.483594 0.681250 0.029687 0.021875
3 0.446094 0.681250 0.029687 0.021875
3 0.407031 0.682031 0.029687 0.023438
2 0.446094 0.639062 0.129688 0.059375
5 0.363281 0.640625 0.029687 0.031250
5 0.861719 0.902344 0.057813 0.057813
2 0.843750 0.857812 0.028125 0.031250
1 0.839844 0.165625 0.007812 0.125000
1 0.840625 0.359375 0.009375 0.118750
1 0.841406 0.547656 0.007812 0.123438
1 0.815625 0.838281 0.009375 0.242188
0 0.514844 0.244531 0.004687 0.057813
0 0.619531 0.432812 0.057813 0.003125
0 0.590625 0.582031 0.006250 0.092188
11 0.775781 0.460938 0.123438 0.037500
11 0.652344 0.460938 0.120313 0.037500
4 0.676563 0.201563 0.125000 0.137500
