15 0.377344 0.375000 0.020313 0.050000
15 0.150781 0.500000 0.020313 0.040625
8 0.044531 0.405469 0.057813 0.107813
12 0.042969 0.687500 0.004687 0.053125
12 0.647656 0.673438 0.010937 0.096875
14 0.307031 0.172656 0.042188 0.042188
17 0.310156 0.110937 0.032813 0.015625
17 0.356250 0.324219 0.037500 0.039062
17 0.425000 0.627344 0.034375 0.045312
17 0.425781 0.671094 0.035937 0.045312
17 0.272656 0.615625 0.039062 0.018750
17 0.311719 0.617188 0.039062 0.018750
17 0.028125 0.671094 0.021875 0.029687
17 0.028906 0.701562 0.023438 0.031250
2 0.049219 0.685937 0.017188 0.062500
11 0.037500 0.764844 0.040625 0.095312
11 0.037500 0.606250 0.040625 0.093750
2 0.037500 0.542969 0.040625 0.029687
6 0.135937 0.382031 0.046875 0.029687
6 0.389844 0.440625 0.045312 0.021875
7 0.383594 0.492188 0.032813 0.037500
7 0.142969 0.440625 0.035937 0.059375
5 0.144531 0.815625 0.095312 0.037500
5 0.892969 0.672656 0.054688 0.154688
5 0.795312 0.778906 0.121875 0.054688
1 0.787500 0.818750 0.225000 0.012500
2 0.887500 0.780469 0.043750 0.039062
2 0.886719 0.567187 0.042188 0.040625
5 0.760938 0.569531 0.043750 0.042188
5 0.827344 0.569531 0.042188 0.042188
2 0.795312 0.568750 0.031250 0.037500
2 0.794531 0.673438 0.076563 0.090625
2 0.651563 0.701562 0.025000 0.221875
5 0.600781 0.658594 0.054688 0.048438
5 0.600781 0.764062 0.051562 0.053125
2 0.601562 0.710938 0.037500 0.037500
3 0.503906 0.710938 0.026562 0.034375
13 0.461719 0.790625 0.020313 0.043750
13 0.462500 0.629687 0.021875 0.040625
13 0.469531 0.710156 0.039062 0.114062
13 0.512500 0.825781 0.121875 0.026562
2 0.805469 0.392969 0.029687 0.110937
2 0.711719 0.349219 0.145313 0.023438
2 0.658594 0.460938 0.104688 0.100000
3 0.615625 0.418750 0.037500 0.037500
3 0.658594 0.400000 0.032813 0.021875
3 0.702344 0.419531 0.039062 0.039062
3 0.718750 0.460938 0.021875 0.034375
3 0.701562 0.506250 0.037500 0.034375
3 0.657031 0.521875 0.032813 0.018750
3 0.614844 0.507031 0.039062 0.035937
3 0.596875 0.461719 0.021875 0.032813
2 0.493750 0.440625 0.031250 0.178125
2 0.437500 0.325000 0.121875 0.037500
7 0.482031 0.221094 0.051562 0.039062
9 0.383594 0.223438 0.048438 0.034375
2 0.394531 0.222656 0.117188 0.035937
10 0.601562 0.248438 0.043750 0.050000
1 0.509375 0.843750 0.115625 0.012500
1 0.324219 0.846094 0.110937 0.010937
1 0.141406 0.844531 0.114062 0.010937
13 0.232031 0.814063 0.029687 0.050000
13 0.232031 0.609375 0.026562 0.037500
13 0.231250 0.761719 0.028125 0.035937
13 0.265625 0.808594 0.028125 0.035937
13 0.267969 0.660937 0.029687 0.065625
1 0.210156 0.346875 0.051562 0.009375
4 0.230469 0.388281 0.126562 0.070312
13 0.184375 0.472656 0.031250 0.098437
5 0.223438 0.478125 0.034375 0.034375
17 0.340625 0.438281 0.037500 0.029687
11 0.340625 0.388281 0.037500 0.070312
0 0.299219 0.302344 0.051562 0.004687
0 0.357812 0.496875 0.003125 0.050000
0 0.397656 0.632031 0.004687 0.054688
0 0.217969 0.532031 0.054688 0.007812
0 0.131250 0.499219 0.006250 0.048438
0 0.506250 0.605469 0.037500 0.004687
0 0.466406 0.500781 0.004687 0.051562
4 0.177344 0.683594 0.135937 0.117188
4 0.312500 0.741406 0.121875 0.104688
