15 0.375000 0.622656 0.050000 0.020313
15 0.500000 0.849219 0.040625 0.020313
8 0.405469 0.955469 0.107813 0.057813
12 0.687500 0.957031 0.053125 0.004687
12 0.673438 0.352344 0.096875 0.010937
14 0.172656 0.692969 0.042188 0.042188
17 0.110937 0.689844 0.015625 0.032813
17 0.324219 0.643750 0.039062 0.037500
17 0.627344 0.575000 0.045312 0.034375
17 0.671094 0.574219 0.045312 0.035937
17 0.615625 0.727344 0.018750 0.039062
17 0.617188 0.688281 0.018750 0.039062
17 0.671094 0.971875 0.029687 0.021875
17 0.701562 0.971094 0.031250 0.023438
2 0.685937 0.950781 0.062500 0.017188
11 0.764844 0.962500 0.095312 0.040625
11 0.606250 0.962500 0.093750 0.040625
2 0.542969 0.962500 0.029687 0.040625
6 0.382031 0.864063 0.029687 0.046875
6 0.440625 0.610156 0.021875 0.045312
7 0.492188 0.616406 0.037500 0.032813
7 0.440625 0.857031 0.059375 0.035937
5 0.815625 0.855469 0.037500 0.095312
5 0.672656 0.107031 0.154688 0.054688
5 0.778906 0.204688 0.054688 0.121875
1 0.818750 0.212500 0.012500 0.225000
2 0.780469 0.112500 0.039062 0.043750
2 0.567187 0.113281 0.040625 0.042188
5 0.569531 0.239062 0.042188 0.043750
5 0.569531 0.172656 0.042188 0.042188
2 0.568750 0.204688 0.037500 0.031250
2 0.673438 0.205469 0.090625 0.076563
2 0.701562 0.348437 0.221875 0.025000
5 0.658594 0.399219 0.048438 0.054688
5 0.764062 0.399219 0.053125 0.051562
2 0.710938 0.398438 0.037500 0.037500
3 0.710938 0.496094 0.034375 0.026562
13 0.790625 0.538281 0.043750 0.020313
13 0.629687 0.537500 0.040625 0.021875
13 0.710156 0.530469 0.114062 0.039062
13 0.825781 0.487500 0.026562 0.121875
2 0.392969 0.194531 0.110937 0.029687
2 0.349219 0.288281 0.023438 0.145313
2 0.460938 0.341406 0.100000 0.104688
3 0.418750 0.384375 0.037500 0.037500
3 0.400000 0.341406 0.021875 0.032813
3 0.419531 0.297656 0.039062 0.039062
3 0.460938 0.281250 0.034375 0.021875
3 0.506250 0.298438 0.034375 0.037500
3 0.521875 0.342969 0.018750 0.032813
3 0.507031 0.385156 0.035937 0.039062
3 0.461719 0.403125 0.032813 0.021875
2 0.440625 0.506250 0.178125 0.031250
2 0.325000 0.562500 0.037500 0.121875
7 0.221094 0.517969 0.039062 0.051562
9 0.223438 0.616406 0.034375 0.048438
2 0.222656 0.605469 0.035937 0.117188
10 0.248438 0.398438 0.050000 0.043750
1 0.843750 0.490625 0.012500 0.115625
1 0.846094 0.675781 0.010937 0.110937
1 0.844531 0.858594 0.010937 0.114062
13 0.814063 0.767969 0.050000 0.029687
13 0.609375 0.767969 0.037500 0.026562
13 0.761719 0.768750 0.035937 0.028125
13 0.808594 0.734375 0.035937 0.028125
13 0.660937 0.732031 0.065625 0.029687
1 0.346875 0.789844 0.009375 0.051562
4 0.388281 0.769531 0.070312 0.126562
13 0.472656 0.815625 0.098437 0.031250
5 0.478125 0.776562 0.034375 0.034375
17 0.438281 0.659375 0.029687 0.037500
11 0.388281 0.659375 0.070312 0.037500
0 0.302344 0.700781 0.004687 0.051562
0 0.496875 0.642188 0.050000 0.003125
0 0.632031 0.602344 0.054688 0.004687
0 0.532031 0.782031 0.007812 0.054688
0 0.499219 0.868750 0.048438 0.006250
0 0.605469 0.493750 0.004687 0.037500
0 0.500781 0.533594 0.051562 0.004687
4 0.683594 0.822656 0.117188 0.135937
4 0.741406 0.687500 0.104688 0.121875
