15 0.209375 0.905469 0.053125 0.026562
15 0.938281 0.913281 0.051562 0.026562
15 0.115625 0.539844 0.121875 0.023438
16 0.301563 0.096875 0.071875 0.034375
1 0.300000 0.123438 0.093750 0.012500
1 0.245312 0.200781 0.009375 0.092188
1 0.180469 0.367969 0.010937 0.089063
1 0.107813 0.489844 0.009375 0.060937
1 0.125781 0.821094 0.089063 0.007812
1 0.315625 0.823438 0.137500 0.012500
1 0.509375 0.825781 0.112500 0.010937
1 0.802344 0.828125 0.198437 0.012500
1 0.445312 0.256250 0.075000 0.012500
17 0.210156 0.276562 0.045312 0.031250
17 0.251563 0.278125 0.034375 0.034375
13 0.312500 0.278125 0.084375 0.034375
3 0.315625 0.307812 0.034375 0.028125
11 0.376563 0.316406 0.040625 0.114062
4 0.231250 0.366406 0.084375 0.142187
0 0.365625 0.414844 0.062500 0.060937
0 0.303125 0.475781 0.050000 0.057813
0 0.362500 0.548438 0.065625 0.065625
0 0.165625 0.470313 0.034375 0.050000
0 0.153125 0.587500 0.053125 0.050000
0 0.148438 0.713281 0.043750 0.035937
0 0.615625 0.551562 0.065625 0.068750
0 0.614844 0.417969 0.064062 0.067187
0 0.528125 0.217969 0.068750 0.064062
6 0.223438 0.525781 0.034375 0.051562
6 0.080469 0.660937 0.054688 0.037500
7 0.289062 0.528906 0.065625 0.045312
7 0.078906 0.593750 0.045312 0.068750
8 0.110937 0.785156 0.115625 0.060937
13 0.196875 0.632812 0.034375 0.021875
13 0.196875 0.786719 0.034375 0.060937
13 0.417969 0.757812 0.042188 0.121875
13 0.466406 0.608594 0.032813 0.079687
13 0.465625 0.792188 0.031250 0.056250
13 0.424219 0.421875 0.035937 0.034375
13 0.425781 0.276562 0.032813 0.031250
2 0.687500 0.556250 0.043750 0.046875
2 0.685156 0.790625 0.045312 0.043750
2 0.776563 0.672656 0.053125 0.104688
2 0.923438 0.683594 0.021875 0.282813
2 0.925781 0.379688 0.023438 0.159375
2 0.766406 0.389062 0.101562 0.059375
2 0.702344 0.272656 0.085938 0.023438
17 0.924219 0.500781 0.023438 0.082812
17 0.925000 0.257031 0.025000 0.082812
0 0.872656 0.166406 0.082812 0.085938
16 0.624219 0.855469 0.073438 0.035937
4 0.526563 0.708594 0.153125 0.123438
4 0.257031 0.703125 0.154688 0.125000
4 0.480469 0.350000 0.145313 0.125000
9 0.541406 0.154688 0.054688 0.031250
7 0.667188 0.155469 0.046875 0.039062
2 0.599219 0.153906 0.189062 0.045312
10 0.716406 0.157031 0.042188 0.042188
3 0.382812 0.749219 0.021875 0.035937
3 0.500781 0.612500 0.032813 0.034375
3 0.703906 0.388281 0.017188 0.045312
3 0.741406 0.348438 0.042188 0.021875
3 0.792188 0.347656 0.046875 0.020313
3 0.828125 0.389844 0.025000 0.045312
3 0.741406 0.430469 0.045312 0.020313
3 0.792969 0.429688 0.045312 0.021875
11 0.419531 0.610938 0.042188 0.175000
11 0.508594 0.548438 0.114062 0.046875
11 0.628125 0.319531 0.043750 0.114062
12 0.925781 0.674219 0.010937 0.089063
5 0.779687 0.793750 0.112500 0.056250
5 0.682813 0.674219 0.053125 0.154688
5 0.776563 0.547656 0.071875 0.067187
