0 0.355469 0.801563 0.004687 0.071875
0 0.620313 0.586719 0.009375 0.114062
0 0.651563 0.428906 0.056250 0.004687
0 0.508594 0.400000 0.051562 0.003125
0 0.508594 0.509375 0.051562 0.003125
0 0.317188 0.577344 0.056250 0.004687
0 0.510938 0.148438 0.050000 0.003125
0 0.544531 0.235156 0.004687 0.057813
17 0.103906 0.462500 0.023438 0.012500
14 0.114844 0.415625 0.045312 0.043750
1 0.204687 0.474219 0.109375 0.007812
1 0.847656 0.838281 0.010937 0.245312
1 0.876563 0.543750 0.009375 0.121875
1 0.877344 0.353906 0.010937 0.120313
1 0.878125 0.158594 0.009375 0.120313
1 0.409375 0.021875 0.106250 0.009375
1 0.348438 0.267188 0.009375 0.109375
1 0.349219 0.453906 0.010937 0.029687
9 0.114062 0.528125 0.034375 0.053125
7 0.197656 0.622656 0.060937 0.039062
10 0.258594 0.617969 0.054688 0.045312
2 0.303906 0.500000 0.082812 0.037500
2 0.160938 0.621094 0.134375 0.039062
2 0.112500 0.539844 0.040625 0.120313
17 0.336719 0.700781 0.039062 0.054688
2 0.332813 0.788281 0.031250 0.101562
15 0.382031 0.421875 0.057813 0.018750
2 0.475000 0.636719 0.128125 0.060937
2 0.711719 0.854687 0.085938 0.075000
2 0.724219 0.690625 0.235937 0.025000
2 0.606250 0.947656 0.043750 0.039062
2 0.812500 0.947656 0.040625 0.039062
5 0.710938 0.953125 0.150000 0.059375
5 0.814063 0.857813 0.059375 0.118750
5 0.606250 0.857813 0.056250 0.118750
5 0.685156 0.764844 0.039062 0.039062
5 0.735156 0.765625 0.039062 0.037500
5 0.692187 0.642188 0.050000 0.046875
5 0.790625 0.640625 0.050000 0.046875
12 0.714844 0.690625 0.098437 0.009375
5 0.896875 0.900000 0.059375 0.059375
2 0.878125 0.857031 0.028125 0.023438
3 0.435937 0.678906 0.031250 0.023438
3 0.476562 0.678125 0.031250 0.021875
3 0.514062 0.679688 0.031250 0.025000
3 0.435937 0.593750 0.031250 0.021875
3 0.476562 0.593750 0.028125 0.021875
3 0.514844 0.593750 0.029687 0.021875
5 0.390625 0.635156 0.028125 0.029687
2 0.741406 0.643750 0.032813 0.040625
3 0.741406 0.540625 0.035937 0.025000
3 0.682813 0.318750 0.028125 0.025000
17 0.646094 0.458594 0.048438 0.039062
17 0.694531 0.457812 0.045312 0.040625
17 0.633594 0.335156 0.023438 0.045312
17 0.633594 0.292188 0.023438 0.040625
17 0.694531 0.039062 0.029687 0.025000
17 0.725781 0.038281 0.032813 0.020313
12 0.712500 0.056250 0.046875 0.006250
2 0.709375 0.060937 0.065625 0.021875
11 0.800781 0.049219 0.114062 0.042188
11 0.624219 0.049219 0.101562 0.045312
11 0.795312 0.457812 0.156250 0.043750
11 0.392969 0.382031 0.079687 0.039062
17 0.447656 0.382031 0.026562 0.039062
13 0.483594 0.203125 0.104688 0.031250
13 0.682813 0.288281 0.068750 0.029687
13 0.837500 0.285937 0.037500 0.028125
13 0.828906 0.494531 0.048438 0.023438
13 0.740625 0.502344 0.121875 0.042188
13 0.654687 0.495313 0.050000 0.025000
5 0.521094 0.909375 0.067187 0.025000
7 0.503125 0.428125 0.037500 0.034375
7 0.441406 0.159375 0.060937 0.037500
3 0.488281 0.243750 0.035937 0.034375
4 0.392969 0.253125 0.079687 0.137500
4 0.765625 0.337500 0.106250 0.131250
4 0.709375 0.196094 0.128125 0.139063
13 0.789062 0.250000 0.037500 0.028125
13 0.628125 0.248437 0.040625 0.028125
13 0.844531 0.249219 0.051562 0.029687
5 0.846875 0.157813 0.043750 0.100000
6 0.449219 0.433594 0.026562 0.048438
6 0.383594 0.153906 0.029687 0.054688
15 0.513281 0.168750 0.042188 0.018750
8 0.411719 0.057031 0.114062 0.057813
13 0.557813 0.047656 0.028125 0.042188
