0 0.610156 0.218750 0.067187 0.062500
0 0.539844 0.157813 0.054688 0.059375
0 0.403906 0.170312 0.051562 0.059375
0 0.406250 0.369531 0.065625 0.060937
0 0.407031 0.482031 0.067187 0.057813
0 0.542188 0.287500 0.065625 0.059375
0 0.835156 0.547656 0.064062 0.060937
0 0.546875 0.807031 0.081250 0.092188
4 0.759375 0.128906 0.087500 0.135937
1 0.810937 0.151563 0.012500 0.112500
11 0.752344 0.228906 0.101562 0.039062
13 0.658594 0.064844 0.082812 0.029687
3 0.658594 0.096875 0.032813 0.031250
6 0.584375 0.085938 0.028125 0.050000
7 0.535156 0.082812 0.054688 0.040625
15 0.480469 0.085938 0.039062 0.021875
7 0.400781 0.096875 0.060937 0.040625
6 0.332813 0.100000 0.028125 0.046875
8 0.208594 0.133594 0.057813 0.110937
15 0.132812 0.209375 0.009375 0.053125
15 0.121875 0.456250 0.028125 0.046875
15 0.118750 0.638281 0.021875 0.045312
2 0.184375 0.950000 0.037500 0.037500
2 0.400000 0.949219 0.037500 0.039062
2 0.400781 0.846094 0.035937 0.032813
2 0.185938 0.846094 0.037500 0.032813
5 0.295312 0.953125 0.150000 0.046875
5 0.401562 0.892187 0.050000 0.053125
5 0.402344 0.799219 0.045312 0.051562
5 0.185156 0.892969 0.051562 0.048438
5 0.185938 0.799219 0.053125 0.051562
2 0.292187 0.843750 0.078125 0.062500
1 0.143750 0.850000 0.009375 0.243750
12 0.285156 0.656250 0.082812 0.009375
2 0.318750 0.654687 0.237500 0.034375
17 0.548438 0.655469 0.078125 0.032813
17 0.469531 0.828125 0.060937 0.028125
2 0.559375 0.485156 0.056250 0.126562
3 0.603125 0.521875 0.028125 0.031250
3 0.602344 0.485156 0.029687 0.029687
3 0.602344 0.446094 0.029687 0.032813
3 0.516406 0.521094 0.029687 0.035937
3 0.517188 0.483594 0.028125 0.032813
3 0.517188 0.445312 0.028125 0.031250
7 0.679688 0.609375 0.059375 0.040625
9 0.769531 0.608594 0.060937 0.042188
2 0.723437 0.609375 0.028125 0.040625
10 0.683594 0.487500 0.057813 0.050000
2 0.736719 0.484375 0.045312 0.040625
2 0.779687 0.482812 0.040625 0.040625
11 0.711719 0.434375 0.123438 0.043750
17 0.531250 0.396875 0.031250 0.031250
17 0.597656 0.397656 0.098437 0.029687
17 0.531250 0.353125 0.031250 0.056250
3 0.593750 0.365625 0.031250 0.028125
4 0.717969 0.325781 0.104688 0.132812
1 0.778906 0.358594 0.007812 0.104688
7 0.804688 0.382031 0.034375 0.060937
14 0.811719 0.321875 0.054688 0.059375
15 0.794531 0.269531 0.020313 0.017188
16 0.875781 0.484375 0.023438 0.068750
1 0.894531 0.483594 0.010937 0.089063
1 0.142969 0.546875 0.010937 0.109375
1 0.142969 0.334375 0.010937 0.175000
1 0.142969 0.146094 0.010937 0.057813
11 0.375000 0.424219 0.112500 0.035937
11 0.191406 0.424219 0.082812 0.039062
12 0.272656 0.425781 0.064062 0.007812
2 0.275000 0.424219 0.084375 0.039062
13 0.185938 0.216406 0.075000 0.032813
13 0.352344 0.217187 0.039062 0.031250
3 0.185156 0.249219 0.032813 0.029687
13 0.175781 0.596875 0.054688 0.034375
13 0.350781 0.614063 0.082812 0.031250
3 0.353906 0.584375 0.032813 0.025000
11 0.410938 0.575781 0.040625 0.114062
4 0.252344 0.563281 0.104688 0.132812
4 0.277344 0.269531 0.104688 0.132812
