11 0.767969 0.500000 0.114062 0.034375
11 0.148438 0.504687 0.134375 0.034375
11 0.305469 0.575000 0.035937 0.093750
11 0.303906 0.792969 0.035937 0.098437
15 0.860937 0.439063 0.056250 0.015625
14 0.852344 0.478125 0.035937 0.037500
2 0.780469 0.543750 0.092188 0.034375
10 0.667969 0.543750 0.045312 0.040625
7 0.669531 0.640625 0.045312 0.031250
9 0.792969 0.639062 0.045312 0.031250
2 0.732812 0.639844 0.184375 0.032813
17 0.629688 0.699219 0.037500 0.064062
17 0.628906 0.764844 0.039062 0.067187
0 0.300000 0.678906 0.050000 0.004687
0 0.298438 0.689063 0.050000 0.006250
0 0.386719 0.509375 0.004687 0.050000
0 0.290625 0.440625 0.003125 0.043750
0 0.661719 0.515625 0.051562 0.003125
0 0.859375 0.610156 0.046875 0.004687
0 0.853125 0.276562 0.043750 0.003125
0 0.425781 0.770312 0.004687 0.046875
1 0.857813 0.270313 0.046875 0.009375
1 0.742969 0.268750 0.117188 0.009375
1 0.510156 0.243750 0.160938 0.006250
1 0.314063 0.242188 0.046875 0.009375
1 0.175781 0.242969 0.114062 0.007812
1 0.076562 0.598437 0.006250 0.115625
1 0.075781 0.738281 0.004687 0.092188
13 0.255469 0.539062 0.064062 0.025000
13 0.112500 0.539062 0.037500 0.025000
13 0.227344 0.827344 0.117188 0.032813
13 0.269531 0.296875 0.023438 0.065625
13 0.096094 0.314063 0.029687 0.034375
13 0.095313 0.459375 0.028125 0.034375
13 0.814844 0.457031 0.023438 0.051562
13 0.654687 0.314844 0.025000 0.035937
13 0.653906 0.442188 0.026562 0.034375
3 0.243750 0.296875 0.025000 0.028125
3 0.504688 0.603125 0.025000 0.015625
3 0.469531 0.602344 0.029687 0.017188
3 0.435937 0.603906 0.028125 0.017188
3 0.397656 0.642188 0.017188 0.028125
3 0.504688 0.678906 0.028125 0.014063
3 0.469531 0.678125 0.026562 0.015625
3 0.436719 0.678906 0.026562 0.014063
3 0.543750 0.642969 0.015625 0.029687
3 0.259375 0.564844 0.028125 0.020313
3 0.228125 0.803125 0.031250 0.021875
3 0.790625 0.457031 0.018750 0.026562
5 0.530469 0.506250 0.051562 0.050000
5 0.475781 0.507031 0.048438 0.048438
5 0.425000 0.403906 0.056250 0.139063
5 0.503906 0.300781 0.101562 0.051562
5 0.162500 0.278125 0.081250 0.037500
2 0.269531 0.383594 0.020313 0.095312
12 0.272656 0.381250 0.007812 0.059375
8 0.337500 0.272656 0.100000 0.051562
6 0.365625 0.364063 0.046875 0.025000
6 0.350000 0.775781 0.043750 0.023438
5 0.136719 0.749219 0.064062 0.126562
2 0.133594 0.828125 0.070312 0.028125
4 0.175000 0.582031 0.090625 0.107813
4 0.148438 0.387500 0.137500 0.115625
4 0.695312 0.381250 0.115625 0.090625
12 0.822656 0.380469 0.007812 0.057813
12 0.627344 0.403906 0.010937 0.085938
7 0.371094 0.411719 0.032813 0.051562
7 0.342969 0.814063 0.029687 0.031250
7 0.924219 0.326562 0.032813 0.034375
6 0.859375 0.402344 0.021875 0.042188
2 0.623437 0.315625 0.021875 0.056250
2 0.621875 0.403906 0.025000 0.114062
2 0.817188 0.378906 0.018750 0.092188
2 0.503125 0.403906 0.056250 0.092188
2 0.423438 0.302344 0.034375 0.035937
2 0.423438 0.503906 0.037500 0.035937
2 0.500781 0.775000 0.020313 0.087500
2 0.462500 0.735938 0.056250 0.009375
15 0.459375 0.755469 0.043750 0.014063
15 0.364062 0.454688 0.050000 0.015625
5 0.557812 0.381250 0.031250 0.034375
5 0.557812 0.425000 0.034375 0.031250
