0 0.712500 0.128906 0.003125 0.079687
0 0.536719 0.572656 0.064062 0.004687
0 0.538281 0.589844 0.064062 0.004687
0 0.769531 0.620313 0.004687 0.065625
0 0.494531 0.750000 0.004687 0.065625
0 0.536719 0.835156 0.057813 0.004687
0 0.372656 0.513281 0.067187 0.004687
7 0.874219 0.357812 0.042188 0.062500
7 0.610938 0.827344 0.071875 0.042188
7 0.538281 0.477344 0.042188 0.035937
2 0.848438 0.252344 0.090625 0.064062
2 0.870312 0.430469 0.046875 0.292187
9 0.870312 0.514062 0.037500 0.065625
17 0.973438 0.608594 0.018750 0.039062
17 0.736719 0.552344 0.048438 0.048438
17 0.389844 0.233594 0.048438 0.029687
17 0.156250 0.232813 0.043750 0.031250
10 0.741406 0.487500 0.051562 0.059375
15 0.673438 0.469531 0.062500 0.020313
17 0.742969 0.148438 0.039062 0.118750
11 0.675781 0.608594 0.092188 0.045312
11 0.381250 0.647656 0.046875 0.123438
11 0.212500 0.942969 0.128125 0.048438
11 0.429688 0.943750 0.137500 0.046875
17 0.339063 0.955469 0.040625 0.023438
17 0.297656 0.955469 0.042188 0.023438
12 0.317969 0.939844 0.067187 0.007812
2 0.317969 0.931250 0.082812 0.021875
2 0.604687 0.392969 0.071875 0.107813
2 0.279687 0.355469 0.078125 0.079687
2 0.271094 0.232813 0.185938 0.031250
12 0.272656 0.221875 0.095312 0.009375
14 0.889063 0.614062 0.053125 0.050000
1 0.727344 0.734375 0.010937 0.059375
1 0.657031 0.975000 0.126562 0.012500
1 0.112500 0.803906 0.009375 0.157812
1 0.113281 0.628906 0.010937 0.126562
1 0.114844 0.376563 0.010937 0.187500
3 0.606250 0.325000 0.034375 0.021875
3 0.556250 0.368750 0.025000 0.031250
3 0.557031 0.417187 0.026562 0.031250
3 0.657031 0.369531 0.026562 0.032813
3 0.657031 0.417969 0.026562 0.035937
6 0.598438 0.485938 0.028125 0.053125
6 0.687500 0.835938 0.034375 0.062500
8 0.653906 0.932813 0.132812 0.068750
15 0.534375 0.814063 0.053125 0.018750
13 0.567188 0.777344 0.121875 0.039062
13 0.323438 0.692969 0.043750 0.032813
13 0.153125 0.691406 0.046875 0.032813
13 0.221875 0.734375 0.043750 0.034375
13 0.400000 0.735938 0.043750 0.034375
4 0.307813 0.797656 0.143750 0.160938
4 0.235938 0.634375 0.125000 0.150000
5 0.673438 0.714844 0.093750 0.164062
5 0.389844 0.371094 0.048438 0.095312
5 0.282031 0.463281 0.160938 0.067187
5 0.167188 0.429688 0.065625 0.134375
5 0.167969 0.328906 0.064062 0.048438
12 0.238281 0.513281 0.070312 0.007812
3 0.561719 0.739844 0.035937 0.029687
5 0.156250 0.823438 0.059375 0.125000
2 0.156250 0.734375 0.053125 0.034375
