1 0.185938 0.253906 0.096875 0.010937
1 0.545312 0.165625 0.078125 0.009375
1 0.868750 0.835938 0.212500 0.009375
1 0.575781 0.834375 0.095312 0.009375
1 0.343750 0.834375 0.153125 0.009375
1 0.127344 0.833594 0.085938 0.007812
1 0.062500 0.619531 0.009375 0.048438
1 0.061719 0.432812 0.007812 0.028125
4 0.125000 0.306250 0.115625 0.093750
13 0.079687 0.383594 0.028125 0.057813
13 0.325781 0.300000 0.029687 0.050000
13 0.325781 0.463281 0.029687 0.076563
13 0.432812 0.616406 0.028125 0.076563
13 0.432031 0.790625 0.026562 0.078125
13 0.646094 0.644531 0.029687 0.064062
13 0.645312 0.800781 0.028125 0.057813
11 0.285938 0.321875 0.037500 0.128125
11 0.606250 0.595313 0.106250 0.034375
11 0.085938 0.778125 0.037500 0.106250
11 0.502344 0.328906 0.032813 0.107813
2 0.950781 0.600781 0.035937 0.035937
2 0.857031 0.703906 0.067187 0.070312
2 0.951562 0.804688 0.037500 0.037500
2 0.853125 0.803906 0.028125 0.042188
2 0.550781 0.473438 0.114062 0.050000
2 0.700000 0.475000 0.028125 0.071875
12 0.681250 0.695312 0.009375 0.071875
2 0.681250 0.677344 0.025000 0.214062
15 0.681250 0.856250 0.043750 0.021875
5 0.811719 0.802344 0.054688 0.045312
5 0.896094 0.801562 0.051562 0.046875
5 0.952344 0.700781 0.045312 0.139063
5 0.857812 0.603906 0.087500 0.048438
0 0.809375 0.475781 0.081250 0.073438
0 0.604688 0.218750 0.050000 0.059375
16 0.542969 0.183594 0.060937 0.023438
1 0.439063 0.268750 0.090625 0.012500
4 0.370312 0.375781 0.118750 0.092188
4 0.389062 0.703906 0.115625 0.095312
4 0.602344 0.725781 0.120313 0.092188
12 0.465625 0.723437 0.009375 0.059375
2 0.467969 0.735938 0.026562 0.187500
3 0.616406 0.644531 0.023438 0.026562
3 0.513281 0.510156 0.029687 0.023438
3 0.550000 0.512500 0.028125 0.025000
3 0.586719 0.512500 0.029687 0.025000
3 0.513281 0.436719 0.029687 0.026562
3 0.550000 0.436719 0.028125 0.026562
3 0.587500 0.437500 0.028125 0.025000
3 0.405469 0.616406 0.023438 0.029687
3 0.107813 0.383594 0.025000 0.029687
14 0.372656 0.239063 0.048438 0.050000
7 0.425781 0.247656 0.051562 0.029687
7 0.656250 0.357031 0.037500 0.054688
7 0.232813 0.678906 0.037500 0.076563
7 0.084375 0.489844 0.037500 0.048438
15 0.078125 0.543750 0.025000 0.043750
15 0.331250 0.254688 0.015625 0.018750
15 0.474219 0.853125 0.045312 0.028125
15 0.217969 0.847656 0.045312 0.014063
9 0.655469 0.276562 0.035937 0.056250
2 0.546094 0.267188 0.035937 0.037500
2 0.546094 0.306250 0.035937 0.040625
10 0.550781 0.353125 0.045312 0.053125
3 0.352344 0.464062 0.023438 0.031250
0 0.461719 0.481250 0.054688 0.056250
0 0.522656 0.600781 0.054688 0.054688
0 0.286719 0.602344 0.051562 0.057813
0 0.168750 0.703125 0.040625 0.046875
0 0.235937 0.788281 0.043750 0.045312
0 0.153125 0.484375 0.053125 0.046875
0 0.231250 0.426563 0.053125 0.062500
6 0.089063 0.442188 0.043750 0.021875
6 0.089063 0.682813 0.043750 0.021875
8 0.117969 0.608594 0.104688 0.064062
17 0.124219 0.742188 0.039062 0.031250
17 0.206250 0.741406 0.031250 0.029687
17 0.237500 0.741406 0.028125 0.029687
17 0.128125 0.821875 0.050000 0.015625
17 0.177344 0.821094 0.045312 0.017188
17 0.227344 0.821875 0.048438 0.012500
17 0.467969 0.594531 0.026562 0.029687
17 0.467187 0.625000 0.025000 0.031250
17 0.284375 0.484375 0.043750 0.053125
2 0.285938 0.418750 0.037500 0.059375
5 0.362500 0.802344 0.090625 0.048438
2 0.656250 0.316406 0.037500 0.135937
