15 0.905469 0.790625 0.026562 0.053125
15 0.913281 0.061719 0.026562 0.051562
15 0.539844 0.884375 0.023438 0.121875
16 0.096875 0.698437 0.034375 0.071875
1 0.123438 0.700000 0.012500 0.093750
1 0.200781 0.754688 0.092188 0.009375
1 0.367969 0.819531 0.089063 0.010937
1 0.489844 0.892187 0.060937 0.009375
1 0.821094 0.874219 0.007812 0.089063
1 0.823438 0.684375 0.012500 0.137500
1 0.825781 0.490625 0.010937 0.112500
1 0.828125 0.197656 0.012500 0.198437
1 0.256250 0.554688 0.012500 0.075000
17 0.276562 0.789844 0.031250 0.045312
17 0.278125 0.748437 0.034375 0.034375
13 0.278125 0.687500 0.034375 0.084375
3 0.307812 0.684375 0.028125 0.034375
11 0.316406 0.623437 0.114062 0.040625
4 0.366406 0.768750 0.142187 0.084375
0 0.414844 0.634375 0.060937 0.062500
0 0.475781 0.696875 0.057813 0.050000
0 0.548438 0.637500 0.065625 0.065625
0 0.470313 0.834375 0.050000 0.034375
0 0.587500 0.846875 0.050000 0.053125
0 0.713281 0.851562 0.035937 0.043750
0 0.551562 0.384375 0.068750 0.065625
0 0.417969 0.385156 0.067187 0.064062
0 0.217969 0.471875 0.064062 0.068750
6 0.525781 0.776562 0.051562 0.034375
6 0.660937 0.919531 0.037500 0.054688
7 0.528906 0.710938 0.045312 0.065625
7 0.593750 0.921094 0.068750 0.045312
8 0.785156 0.889063 0.060937 0.115625
13 0.632812 0.803125 0.021875 0.034375
13 0.786719 0.803125 0.060937 0.034375
13 0.757812 0.582031 0.121875 0.042188
13 0.608594 0.533594 0.079687 0.032813
13 0.792188 0.534375 0.056250 0.031250
13 0.421875 0.575781 0.034375 0.035937
13 0.276562 0.574219 0.031250 0.032813
2 0.556250 0.312500 0.046875 0.043750
2 0.790625 0.314844 0.043750 0.045312
2 0.672656 0.223437 0.104688 0.053125
2 0.683594 0.076562 0.282813 0.021875
2 0.379688 0.074219 0.159375 0.023438
2 0.389062 0.233594 0.059375 0.101562
2 0.272656 0.297656 0.023438 0.085938
17 0.500781 0.075781 0.082812 0.023438
17 0.257031 0.075000 0.082812 0.025000
0 0.166406 0.127344 0.085938 0.082812
16 0.855469 0.375781 0.035937 0.073438
4 0.708594 0.473437 0.123438 0.153125
4 0.703125 0.742969 0.125000 0.154688
4 0.350000 0.519531 0.125000 0.145313
9 0.154688 0.458594 0.031250 0.054688
7 0.155469 0.332812 0.039062 0.046875
2 0.153906 0.400781 0.045312 0.189062
10 0.157031 0.283594 0.042188 0.042188
3 0.749219 0.617188 0.035937 0.021875
3 0.612500 0.499219 0.034375 0.032813
3 0.388281 0.296094 0.045312 0.017188
3 0.348438 0.258594 0.021875 0.042188
3 0.347656 0.207812 0.020313 0.046875
3 0.389844 0.171875 0.045312 0.025000
3 0.430469 0.258594 0.020313 0.045312
3 0.429688 0.207031 0.021875 0.045312
11 0.610938 0.580469 0.175000 0.042188
11 0.548438 0.491406 0.046875 0.114062
11 0.319531 0.371875 0.114062 0.043750
12 0.674219 0.074219 0.089063 0.010937
5 0.793750 0.220313 0.056250 0.112500
5 0.674219 0.317187 0.154688 0.053125
5 0.547656 0.223437 0.067187 0.071875
