1 0.337500 0.971094 0.053125 0.007812
1 0.206250 0.864063 0.125000 0.009375
1 0.411719 0.864844 0.092188 0.007812
1 0.728906 0.156250 0.167187 0.006250
1 0.510156 0.155469 0.101562 0.007812
1 0.320312 0.156250 0.125000 0.006250
1 0.178125 0.156250 0.050000 0.006250
2 0.128125 0.791406 0.025000 0.029687
2 0.129688 0.665625 0.025000 0.028125
11 0.182812 0.631250 0.128125 0.037500
11 0.414844 0.625000 0.101562 0.037500
11 0.381250 0.422656 0.115625 0.035937
11 0.196875 0.474219 0.081250 0.039062
11 0.135937 0.417188 0.034375 0.075000
14 0.364844 0.889844 0.042188 0.039062
17 0.330469 0.875000 0.023438 0.009375
2 0.224219 0.832031 0.023438 0.032813
12 0.296875 0.727344 0.009375 0.101562
0 0.298438 0.567188 0.006250 0.053125
0 0.310156 0.567969 0.004687 0.054688
0 0.215625 0.603125 0.050000 0.006250
0 0.262500 0.417188 0.003125 0.050000
0 0.222656 0.351562 0.004687 0.050000
0 0.751563 0.751562 0.003125 0.050000
0 0.568750 0.684375 0.003125 0.053125
5 0.185156 0.832031 0.039062 0.035937
5 0.263281 0.831250 0.039062 0.034375
4 0.178125 0.726562 0.121875 0.096875
4 0.408594 0.743750 0.117188 0.096875
4 0.377344 0.292188 0.123438 0.112500
10 0.596094 0.692188 0.042188 0.050000
6 0.686719 0.815625 0.023438 0.043750
6 0.210938 0.523438 0.021875 0.043750
6 0.142187 0.291406 0.046875 0.026562
7 0.135156 0.342187 0.035937 0.056250
7 0.132812 0.581250 0.034375 0.034375
7 0.725000 0.821875 0.037500 0.031250
7 0.492188 0.691406 0.028125 0.048438
9 0.492188 0.812500 0.028125 0.050000
2 0.492969 0.760156 0.035937 0.198437
13 0.450781 0.823437 0.029687 0.065625
13 0.453125 0.675781 0.028125 0.035937
13 0.423438 0.365625 0.028125 0.037500
13 0.425000 0.222656 0.028125 0.039062
13 0.245312 0.197656 0.025000 0.076563
3 0.424219 0.824219 0.020313 0.029687
3 0.272656 0.196875 0.020313 0.031250
3 0.539844 0.366406 0.029687 0.035937
3 0.539062 0.292969 0.031250 0.035937
3 0.581250 0.630469 0.018750 0.029687
3 0.581250 0.594531 0.018750 0.029687
3 0.581250 0.560156 0.018750 0.026562
2 0.609375 0.594531 0.037500 0.114062
2 0.732031 0.602344 0.101562 0.098437
3 0.689063 0.644531 0.034375 0.035937
3 0.671875 0.603906 0.021875 0.029687
3 0.690625 0.560156 0.037500 0.035937
3 0.732031 0.543750 0.029687 0.021875
3 0.774219 0.560156 0.032813 0.032813
3 0.789844 0.601562 0.020313 0.031250
3 0.775000 0.644531 0.037500 0.035937
3 0.730469 0.662500 0.029687 0.021875
2 0.775781 0.756250 0.029687 0.062500
17 0.825000 0.821875 0.071875 0.031250
17 0.393750 0.585938 0.050000 0.028125
17 0.442969 0.585156 0.048438 0.029687
17 0.864062 0.423438 0.025000 0.053125
17 0.864844 0.198438 0.026562 0.053125
2 0.864844 0.310156 0.026562 0.157812
12 0.871094 0.310937 0.010937 0.093750
2 0.493750 0.594531 0.037500 0.114062
2 0.586719 0.766406 0.029687 0.082812
17 0.770312 0.815625 0.018750 0.043750
12 0.873437 0.603125 0.009375 0.128125
2 0.867188 0.602344 0.021875 0.104688
8 0.170313 0.188281 0.109375 0.054688
12 0.239844 0.293750 0.007812 0.062500
2 0.246094 0.307813 0.026562 0.143750
5 0.500781 0.199219 0.110937 0.054688
13 0.573438 0.332812 0.037500 0.212500
2 0.638281 0.415625 0.039062 0.040625
2 0.638281 0.203125 0.035937 0.040625
2 0.728125 0.309375 0.087500 0.084375
5 0.698438 0.424219 0.050000 0.051562
5 0.756250 0.425000 0.050000 0.056250
5 0.635156 0.310937 0.057813 0.150000
5 0.721094 0.195312 0.107813 0.059375
15 0.142187 0.477344 0.015625 0.032813
