1 0.207031 0.126562 0.076563 0.006250
1 0.395313 0.126562 0.168750 0.009375
15 0.127344 0.141406 0.032813 0.026562
15 0.266406 0.117969 0.023438 0.017188
15 0.163281 0.338281 0.035937 0.014063
15 0.123438 0.360156 0.040625 0.020313
8 0.213281 0.154688 0.129688 0.050000
7 0.263281 0.275000 0.035937 0.100000
6 0.168750 0.312500 0.021875 0.028125
11 0.162500 0.400781 0.034375 0.101562
11 0.264062 0.438281 0.165625 0.020313
17 0.300000 0.300000 0.021875 0.053125
0 0.217188 0.313281 0.046875 0.035937
12 0.301563 0.228125 0.006250 0.056250
17 0.298438 0.158594 0.018750 0.057813
2 0.300781 0.228906 0.023438 0.082812
13 0.498437 0.184375 0.025000 0.018750
13 0.498437 0.275000 0.025000 0.025000
13 0.496875 0.313281 0.028125 0.045312
17 0.180469 0.461719 0.067187 0.010937
17 0.242188 0.460938 0.053125 0.015625
17 0.303906 0.463281 0.064062 0.010937
2 0.243750 0.512500 0.096875 0.028125
5 0.246875 0.560156 0.162500 0.026562
5 0.244531 0.488281 0.032813 0.023438
1 0.140625 0.404687 0.009375 0.056250
1 0.140625 0.297656 0.006250 0.054688
3 0.469531 0.309375 0.026562 0.018750
4 0.450000 0.227344 0.121875 0.076563
5 0.436719 0.146094 0.082812 0.023438
3 0.375000 0.231250 0.028125 0.056250
0 0.379688 0.355469 0.046875 0.032813
15 0.167969 0.585156 0.048438 0.010937
15 0.127344 0.608594 0.032813 0.020313
1 0.140625 0.652344 0.009375 0.060937
1 0.140625 0.761719 0.009375 0.060937
1 0.232813 0.919531 0.100000 0.007812
1 0.409375 0.919531 0.100000 0.007812
1 0.583594 0.920312 0.095312 0.009375
13 0.153125 0.805469 0.018750 0.020313
13 0.153906 0.887500 0.017188 0.018750
4 0.206250 0.848437 0.121875 0.068750
0 0.332813 0.593750 0.043750 0.028125
0 0.211719 0.612500 0.026562 0.025000
0 0.266406 0.594531 0.042188 0.026562
6 0.257031 0.628906 0.026562 0.026562
7 0.317969 0.628125 0.060937 0.028125
7 0.283594 0.660156 0.057813 0.023438
6 0.325000 0.660937 0.018750 0.028125
0 0.276562 0.693750 0.043750 0.031250
8 0.173437 0.688281 0.056250 0.076563
11 0.234375 0.720313 0.043750 0.018750
5 0.279687 0.847656 0.018750 0.045312
5 0.703906 0.232813 0.045312 0.090625
5 0.789062 0.298438 0.084375 0.031250
5 0.776563 0.175000 0.056250 0.040625
5 0.183594 0.759375 0.054688 0.040625
17 0.339062 0.783594 0.018750 0.073438
12 0.343750 0.848437 0.006250 0.040625
2 0.339062 0.850781 0.021875 0.060937
17 0.339062 0.898438 0.018750 0.037500
12 0.362500 0.840625 0.006250 0.028125
2 0.370312 0.842187 0.021875 0.043750
17 0.158594 0.932031 0.026562 0.026562
17 0.307812 0.932031 0.034375 0.029687
17 0.483594 0.932031 0.035937 0.029687
17 0.528125 0.165625 0.018750 0.034375
17 0.528125 0.310937 0.018750 0.034375
17 0.528125 0.275781 0.018750 0.032813
17 0.528125 0.205469 0.021875 0.039062
17 0.527344 0.241406 0.020313 0.035937
1 0.564063 0.125000 0.093750 0.006250
1 0.789062 0.124219 0.221875 0.007812
12 0.901563 0.235156 0.006250 0.051562
2 0.611719 0.235156 0.054688 0.117188
3 0.566406 0.239063 0.032813 0.031250
2 0.711719 0.169531 0.032813 0.023438
2 0.712500 0.298438 0.034375 0.025000
2 0.771094 0.234375 0.045312 0.050000
5 0.837500 0.233594 0.031250 0.048438
0 0.825000 0.406250 0.053125 0.037500
0 0.824219 0.441406 0.054688 0.035937
0 0.831250 0.503125 0.056250 0.037500
1 0.757031 0.535156 0.039062 0.004687
1 0.825781 0.534375 0.035937 0.006250
15 0.757031 0.551562 0.064062 0.028125
15 0.822656 0.551562 0.057813 0.031250
0 0.682031 0.601562 0.064062 0.046875
0 0.331250 0.727344 0.050000 0.032813
0 0.379688 0.764062 0.046875 0.034375
4 0.473438 0.840625 0.109375 0.071875
11 0.485938 0.761719 0.087500 0.023438
2 0.510938 0.796094 0.025000 0.017188
2 0.510156 0.886719 0.023438 0.017188
0 0.560156 0.760938 0.045312 0.034375
7 0.653906 0.805469 0.035937 0.039062
14 0.650781 0.840625 0.035937 0.025000
7 0.614844 0.628125 0.029687 0.034375
7 0.616406 0.534375 0.032813 0.037500
2 0.616406 0.663281 0.035937 0.160938
9 0.616406 0.710938 0.032813 0.031250
2 0.615625 0.513281 0.034375 0.123438
2 0.900781 0.236719 0.023438 0.085938
10 0.461719 0.703125 0.045312 0.040625
2 0.457031 0.667188 0.032813 0.153125
2 0.505469 0.612500 0.064062 0.043750
2 0.482812 0.488281 0.106250 0.082812
3 0.423438 0.515625 0.034375 0.025000
3 0.409375 0.485938 0.031250 0.021875
3 0.424219 0.458594 0.039062 0.026562
3 0.457813 0.435937 0.037500 0.021875
3 0.502344 0.439063 0.032813 0.025000
3 0.539844 0.456250 0.035937 0.025000
3 0.555469 0.485156 0.029687 0.020313
3 0.539844 0.515625 0.035937 0.028125
3 0.503906 0.533594 0.032813 0.026562
3 0.459375 0.535156 0.034375 0.026562
3 0.473438 0.580469 0.021875 0.017188
3 0.507031 0.581250 0.023438 0.015625
