1 0.345313 0.923437 0.106250 0.009375
1 0.475000 0.923437 0.084375 0.009375
1 0.658594 0.924219 0.142187 0.004687
1 0.321094 0.556250 0.007812 0.062500
1 0.321094 0.457812 0.010937 0.043750
1 0.246094 0.242188 0.007812 0.106250
1 0.246094 0.092969 0.007812 0.126562
1 0.246094 0.615625 0.010937 0.046875
1 0.247656 0.408594 0.007812 0.045312
13 0.271875 0.885156 0.021875 0.026562
13 0.271875 0.766406 0.025000 0.048438
13 0.417969 0.896094 0.017188 0.045312
13 0.301563 0.032813 0.078125 0.021875
13 0.439844 0.033594 0.032813 0.026562
4 0.311719 0.831250 0.104688 0.087500
4 0.317969 0.221875 0.079687 0.103125
4 0.382031 0.069531 0.079687 0.098437
14 0.300781 0.621094 0.032813 0.035937
8 0.347656 0.558594 0.045312 0.089063
7 0.342969 0.455469 0.026562 0.042188
9 0.412500 0.490625 0.037500 0.028125
2 0.383594 0.492969 0.117188 0.029687
0 0.406250 0.342969 0.065625 0.032813
10 0.347656 0.346875 0.039062 0.037500
6 0.421875 0.536719 0.040625 0.023438
6 0.568750 0.416406 0.021875 0.035937
7 0.425781 0.582813 0.029687 0.046875
7 0.532813 0.421094 0.028125 0.026562
5 0.683594 0.882031 0.089063 0.045312
5 0.758594 0.775781 0.045312 0.154688
5 0.707812 0.671094 0.040625 0.048438
5 0.660937 0.671094 0.040625 0.045312
5 0.285938 0.137500 0.053125 0.050000
5 0.495312 0.889063 0.125000 0.059375
2 0.572656 0.785156 0.023438 0.176563
12 0.571094 0.779688 0.007812 0.078125
2 0.682813 0.776562 0.056250 0.084375
2 0.548438 0.581250 0.093750 0.096875
2 0.568750 0.455469 0.140625 0.023438
12 0.420312 0.831250 0.006250 0.050000
17 0.301563 0.360938 0.034375 0.031250
17 0.767188 0.561719 0.034375 0.064062
17 0.767188 0.497656 0.034375 0.060937
11 0.483594 0.071094 0.029687 0.098437
11 0.426563 0.219531 0.031250 0.095312
15 0.432031 0.635156 0.017188 0.035937
11 0.307812 0.721875 0.118750 0.031250
11 0.265625 0.676563 0.031250 0.056250
3 0.300000 0.767969 0.025000 0.026562
3 0.491406 0.581250 0.017188 0.021875
3 0.503125 0.547656 0.025000 0.026562
3 0.530469 0.528906 0.026562 0.023438
3 0.564844 0.527344 0.029687 0.020313
3 0.592969 0.548438 0.026562 0.025000
3 0.603906 0.581250 0.020313 0.025000
3 0.593750 0.613281 0.028125 0.026562
3 0.565625 0.638281 0.025000 0.023438
3 0.531250 0.633594 0.025000 0.020313
3 0.387500 0.206250 0.021875 0.018750
3 0.467969 0.817188 0.029687 0.034375
3 0.467969 0.760156 0.035937 0.029687
3 0.525000 0.815625 0.034375 0.031250
3 0.524219 0.759375 0.035937 0.031250
3 0.281250 0.057813 0.028125 0.025000
13 0.263281 0.184375 0.026562 0.025000
13 0.385156 0.183594 0.051562 0.023438
2 0.416406 0.829687 0.017188 0.087500
2 0.716406 0.603125 0.135937 0.021875
2 0.698438 0.576562 0.103125 0.031250
2 0.757812 0.674219 0.037500 0.035937
2 0.755469 0.878906 0.035937 0.032813
0 0.360938 0.682812 0.021875 0.043750
0 0.498437 0.211719 0.003125 0.045312
12 0.380469 0.162500 0.048438 0.006250
2 0.381250 0.158594 0.075000 0.010937
0 0.731250 0.493750 0.003125 0.056250
0 0.418750 0.660938 0.040625 0.003125
0 0.416406 0.632812 0.004687 0.034375
0 0.419531 0.320312 0.045312 0.003125
0 0.464844 0.715625 0.035937 0.006250
0 0.530469 0.717969 0.054688 0.007812
15 0.617969 0.427344 0.042188 0.017188
0 0.525781 0.353125 0.039062 0.003125
