1 0.121094 0.271875 0.057813 0.012500
1 0.086719 0.423438 0.007812 0.153125
1 0.132031 0.567969 0.079687 0.007812
1 0.225781 0.595313 0.010937 0.040625
1 0.226562 0.711719 0.012500 0.079687
1 0.396875 0.817969 0.131250 0.010937
1 0.625000 0.816406 0.109375 0.010937
1 0.860938 0.817187 0.071875 0.009375
1 0.783594 0.185938 0.229687 0.012500
1 0.560937 0.188281 0.131250 0.010937
1 0.336719 0.187500 0.204687 0.012500
13 0.434375 0.223438 0.037500 0.037500
13 0.435156 0.371875 0.035937 0.034375
13 0.260156 0.640625 0.045312 0.031250
13 0.421875 0.640625 0.043750 0.031250
4 0.341406 0.695312 0.126562 0.134375
7 0.867188 0.792188 0.043750 0.028125
7 0.340625 0.507031 0.065625 0.042188
7 0.203125 0.472656 0.043750 0.076563
0 0.200781 0.396094 0.057813 0.051562
0 0.196875 0.335156 0.056250 0.048438
0 0.352344 0.589844 0.060937 0.054688
0 0.415625 0.522656 0.062500 0.060937
0 0.731250 0.844531 0.065625 0.064062
0 0.482812 0.650000 0.065625 0.065625
6 0.265625 0.588281 0.040625 0.029687
11 0.539062 0.718750 0.040625 0.187500
16 0.511719 0.840625 0.067187 0.025000
3 0.614844 0.658594 0.026562 0.035937
3 0.614844 0.705469 0.026562 0.035937
3 0.709375 0.704688 0.028125 0.034375
3 0.709375 0.657813 0.028125 0.034375
3 0.662500 0.603906 0.037500 0.026562
3 0.663281 0.757031 0.035937 0.029687
2 0.663281 0.680469 0.067187 0.126562
2 0.866406 0.789844 0.164062 0.039062
2 0.911719 0.610156 0.070312 0.039062
2 0.925000 0.701562 0.043750 0.143750
9 0.924219 0.697656 0.042188 0.064062
17 0.809375 0.610938 0.046875 0.040625
17 0.854688 0.610156 0.043750 0.045312
17 0.825781 0.567969 0.079687 0.026562
17 0.906250 0.567969 0.078125 0.029687
0 0.907813 0.514844 0.084375 0.079687
6 0.126562 0.302344 0.034375 0.051562
8 0.157812 0.537500 0.134375 0.053125
12 0.239063 0.296875 0.009375 0.062500
13 0.478125 0.321094 0.031250 0.254688
3 0.532031 0.320312 0.032813 0.040625
3 0.614062 0.295312 0.025000 0.031250
3 0.613281 0.347656 0.026562 0.032813
2 0.574219 0.320312 0.051562 0.112500
12 0.666406 0.352344 0.007812 0.082812
2 0.742188 0.375781 0.040625 0.035937
2 0.743750 0.422656 0.040625 0.039062
2 0.809375 0.352344 0.059375 0.104688
5 0.811719 0.228906 0.129688 0.057813
5 0.910156 0.353906 0.064062 0.176563
7 0.818750 0.839063 0.065625 0.031250
14 0.874219 0.846094 0.045312 0.045312
15 0.189844 0.228906 0.017188 0.073438
5 0.393750 0.139063 0.053125 0.050000
2 0.405469 0.098437 0.032813 0.028125
4 0.380469 0.298438 0.145313 0.121875
