17 0.152344 0.121875 0.035937 0.025000
17 0.371875 0.141406 0.025000 0.051562
17 0.956250 0.328125 0.050000 0.062500
17 0.966406 0.550000 0.026562 0.059375
11 0.697656 0.412500 0.045312 0.115625
11 0.639844 0.415625 0.048438 0.112500
11 0.572656 0.449219 0.082812 0.045312
4 0.819531 0.396875 0.160938 0.084375
4 0.746875 0.195312 0.128125 0.162500
4 0.267188 0.154688 0.162500 0.109375
1 0.925781 0.217188 0.010937 0.134375
1 0.925000 0.437500 0.009375 0.134375
1 0.924219 0.740625 0.010937 0.293750
1 0.177344 0.450781 0.010937 0.064062
1 0.177344 0.254688 0.010937 0.128125
14 0.136719 0.180469 0.067187 0.067187
7 0.146875 0.252344 0.046875 0.073438
16 0.032031 0.374219 0.029687 0.085938
0 0.133594 0.457813 0.073438 0.078125
9 0.042969 0.598437 0.048438 0.071875
9 0.151563 0.682813 0.084375 0.046875
2 0.107031 0.681250 0.176563 0.050000
2 0.042969 0.610156 0.048438 0.095312
17 0.219531 0.682813 0.051562 0.043750
10 0.208594 0.548438 0.060937 0.050000
17 0.218750 0.394531 0.071875 0.026562
17 0.200000 0.360938 0.031250 0.025000
13 0.200781 0.278125 0.032813 0.137500
13 0.269531 0.348438 0.104688 0.050000
3 0.267969 0.306250 0.039062 0.037500
6 0.300000 0.412500 0.034375 0.059375
7 0.389062 0.409375 0.078125 0.050000
0 0.401563 0.475000 0.068750 0.059375
0 0.396094 0.286719 0.079687 0.070312
11 0.373437 0.346875 0.106250 0.056250
17 0.367969 0.201563 0.032813 0.046875
14 0.422656 0.170313 0.060937 0.143750
6 0.498437 0.135156 0.034375 0.060937
7 0.565625 0.130469 0.065625 0.051562
0 0.567188 0.215625 0.059375 0.065625
0 0.561719 0.286719 0.079687 0.073438
13 0.642188 0.132031 0.068750 0.039062
13 0.845312 0.132812 0.062500 0.040625
3 0.642969 0.169531 0.039062 0.035937
5 0.875000 0.302344 0.075000 0.076563
2 0.898438 0.245312 0.031250 0.034375
13 0.899219 0.478125 0.042188 0.075000
13 0.814844 0.553906 0.123438 0.039062
3 0.809375 0.516406 0.037500 0.035937
12 0.746094 0.339062 0.082812 0.009375
2 0.368750 0.591406 0.075000 0.154688
3 0.313281 0.542969 0.035937 0.039062
3 0.313281 0.590625 0.035937 0.037500
3 0.313281 0.636719 0.035937 0.039062
3 0.425000 0.637500 0.037500 0.040625
3 0.425000 0.590625 0.034375 0.037500
3 0.424219 0.543750 0.035937 0.037500
0 0.560937 0.538281 0.078125 0.073438
13 0.228125 0.733594 0.053125 0.032813
0 0.243750 0.810156 0.109375 0.098437
17 0.316406 0.878906 0.079687 0.032813
17 0.237500 0.878906 0.075000 0.035937
2 0.453125 0.879687 0.193750 0.031250
12 0.747656 0.885156 0.101562 0.010937
2 0.744531 0.884375 0.210938 0.025000
2 0.870312 0.617188 0.043750 0.046875
2 0.871094 0.725000 0.045312 0.021875
2 0.737500 0.730469 0.093750 0.070312
2 0.616406 0.617969 0.042188 0.045312
5 0.875000 0.679688 0.068750 0.059375
5 0.875000 0.774219 0.068750 0.060937
5 0.740625 0.612500 0.181250 0.059375
5 0.612500 0.727344 0.059375 0.120313
