11 0.566406 0.707031 0.035937 0.226562
11 0.941406 0.742188 0.039062 0.100000
11 0.941406 0.571875 0.039062 0.103125
11 0.647656 0.396094 0.035937 0.092188
17 0.949219 0.641406 0.023438 0.032813
17 0.949219 0.674219 0.023438 0.032813
12 0.932813 0.656250 0.006250 0.053125
2 0.928125 0.657813 0.015625 0.065625
4 0.803125 0.674219 0.128125 0.114062
13 0.752344 0.747656 0.026562 0.035937
13 0.752344 0.600000 0.026562 0.037500
13 0.797656 0.469531 0.029687 0.089063
13 0.554688 0.322656 0.118750 0.035937
13 0.718750 0.635156 0.028125 0.079687
13 0.682812 0.603125 0.037500 0.025000
13 0.719531 0.789062 0.026562 0.031250
13 0.752344 0.796094 0.026562 0.045312
5 0.834375 0.792969 0.103125 0.045312
1 0.839844 0.824219 0.110937 0.007812
1 0.663281 0.825781 0.110937 0.010937
1 0.484375 0.824219 0.112500 0.007812
1 0.217187 0.800000 0.221875 0.009375
1 0.773438 0.344531 0.046875 0.007812
1 0.964063 0.399219 0.009375 0.098437
14 0.679688 0.176563 0.037500 0.043750
17 0.676563 0.118750 0.031250 0.015625
0 0.686719 0.301563 0.048438 0.003125
9 0.606250 0.226562 0.046875 0.031250
7 0.514062 0.225000 0.053125 0.031250
10 0.396875 0.250781 0.043750 0.048438
17 0.632812 0.323437 0.034375 0.034375
15 0.611719 0.374219 0.017188 0.048438
15 0.829687 0.492969 0.018750 0.039062
6 0.599219 0.435937 0.045312 0.025000
6 0.844531 0.378125 0.045312 0.028125
8 0.931250 0.402344 0.056250 0.104688
7 0.838281 0.435156 0.035937 0.054688
2 0.567969 0.225000 0.167187 0.037500
2 0.289844 0.347656 0.142187 0.020313
2 0.339844 0.453906 0.123438 0.060937
2 0.210156 0.662500 0.064062 0.059375
2 0.348437 0.659375 0.025000 0.143750
4 0.675781 0.724219 0.114062 0.095312
13 0.491406 0.711719 0.101562 0.045312
3 0.493750 0.753906 0.034375 0.032813
3 0.514062 0.675781 0.031250 0.023438
3 0.471094 0.676562 0.029687 0.025000
13 0.382031 0.644531 0.023438 0.098437
13 0.382812 0.725000 0.025000 0.056250
13 0.382812 0.780469 0.025000 0.054688
13 0.483594 0.808594 0.085938 0.020313
12 0.352344 0.660937 0.007812 0.075000
4 0.733594 0.386719 0.132812 0.070312
3 0.769531 0.472656 0.023438 0.026562
7 0.605469 0.483594 0.029687 0.035937
2 0.500000 0.435937 0.031250 0.171875
3 0.372656 0.414062 0.029687 0.021875
3 0.337500 0.414062 0.025000 0.018750
3 0.303906 0.413281 0.026562 0.020313
3 0.266406 0.453906 0.020313 0.029687
3 0.372656 0.496094 0.026562 0.020313
3 0.338281 0.496094 0.026562 0.017188
3 0.303906 0.496875 0.026562 0.018750
3 0.408594 0.453125 0.014063 0.028125
5 0.245313 0.757812 0.037500 0.050000
5 0.153906 0.757812 0.129688 0.053125
5 0.117969 0.660156 0.054688 0.142187
5 0.232812 0.560156 0.046875 0.051562
5 0.177344 0.560156 0.045312 0.051562
2 0.117188 0.564844 0.037500 0.039062
2 0.199219 0.825781 0.026562 0.026562
3 0.160156 0.841406 0.051562 0.051562
0 0.425781 0.316406 0.004687 0.054688
0 0.527344 0.489063 0.004687 0.046875
0 0.455469 0.592187 0.085938 0.006250
0 0.591406 0.621875 0.004687 0.046875
0 0.631250 0.490625 0.003125 0.050000
0 0.850781 0.491406 0.004687 0.045312
0 0.764844 0.522656 0.051562 0.007812
2 0.198438 0.389844 0.028125 0.104688
