5 0.802344 0.250000 0.148438 0.046875
5 0.904688 0.326562 0.050000 0.100000
5 0.702344 0.310156 0.085938 0.070312
5 0.796875 0.408594 0.031250 0.026562
5 0.759375 0.407813 0.031250 0.031250
2 0.823437 0.434375 0.228125 0.018750
12 0.828125 0.438281 0.081250 0.010937
3 0.845312 0.475000 0.021875 0.025000
3 0.808594 0.474219 0.026562 0.023438
3 0.846094 0.553125 0.023438 0.025000
3 0.810156 0.553906 0.026562 0.026562
2 0.828125 0.514062 0.096875 0.046875
3 0.655469 0.471094 0.017188 0.023438
3 0.624219 0.434375 0.023438 0.015625
3 0.595313 0.434375 0.025000 0.015625
3 0.564844 0.433594 0.023438 0.017188
3 0.530469 0.470313 0.017188 0.021875
3 0.624219 0.505469 0.020313 0.014063
3 0.592969 0.506250 0.023438 0.018750
3 0.566406 0.506250 0.026562 0.015625
3 0.064844 0.571875 0.020313 0.025000
3 0.217187 0.619531 0.018750 0.026562
17 0.570312 0.239844 0.059375 0.029687
17 0.510937 0.239844 0.059375 0.029687
0 0.508594 0.276562 0.054688 0.006250
2 0.809375 0.329688 0.081250 0.053125
2 0.898438 0.248438 0.034375 0.034375
2 0.707813 0.250000 0.037500 0.034375
1 0.942187 0.350781 0.009375 0.145313
1 0.940625 0.532813 0.009375 0.081250
1 0.941406 0.664062 0.010937 0.103125
2 0.838281 0.592187 0.110937 0.018750
12 0.839844 0.590625 0.057813 0.006250
4 0.839062 0.700000 0.096875 0.109375
4 0.232812 0.688281 0.103125 0.085938
4 0.080469 0.645312 0.101562 0.084375
13 0.042969 0.571875 0.020313 0.059375
13 0.043750 0.717969 0.025000 0.060937
13 0.900781 0.748437 0.029687 0.025000
13 0.777344 0.748437 0.032813 0.025000
13 0.194531 0.623437 0.023438 0.046875
13 0.194531 0.744531 0.023438 0.032813
1 0.253125 0.765625 0.106250 0.012500
1 0.104688 0.764844 0.128125 0.010937
1 0.527344 0.764844 0.257812 0.010937
1 0.571094 0.690625 0.064062 0.009375
1 0.470313 0.688281 0.043750 0.010937
15 0.652344 0.577344 0.035937 0.014063
17 0.361719 0.708594 0.057813 0.032813
15 0.440625 0.389844 0.018750 0.042188
6 0.430469 0.439063 0.039062 0.018750
6 0.551563 0.587500 0.021875 0.040625
7 0.598438 0.583594 0.050000 0.026562
7 0.470313 0.667188 0.050000 0.028125
7 0.435156 0.477344 0.026562 0.029687
2 0.617188 0.291406 0.025000 0.142187
2 0.587500 0.308594 0.025000 0.107813
17 0.468750 0.403906 0.025000 0.067187
17 0.469531 0.474219 0.023438 0.070312
0 0.364844 0.484375 0.004687 0.037500
0 0.223437 0.510156 0.043750 0.004687
0 0.331250 0.589844 0.003125 0.051562
0 0.651562 0.595313 0.043750 0.003125
0 0.697656 0.654687 0.045312 0.037500
0 0.731250 0.532031 0.006250 0.054688
8 0.573437 0.660937 0.090625 0.046875
14 0.637500 0.710938 0.040625 0.037500
11 0.739844 0.700000 0.032813 0.118750
11 0.692188 0.744531 0.059375 0.032813
11 0.231250 0.582812 0.096875 0.034375
11 0.082031 0.525000 0.101562 0.031250
5 0.102344 0.734375 0.076563 0.040625
9 0.507031 0.593750 0.026562 0.040625
14 0.360156 0.664062 0.035937 0.040625
2 0.357812 0.602344 0.031250 0.067187
2 0.507812 0.625781 0.034375 0.117188
