11 0.199219 0.393750 0.185938 0.053125
8 0.145313 0.283594 0.078125 0.148438
15 0.219531 0.219531 0.048438 0.023438
6 0.289844 0.239062 0.032813 0.062500
7 0.340625 0.229688 0.046875 0.043750
0 0.342969 0.354688 0.067187 0.006250
0 0.340625 0.370313 0.075000 0.006250
0 0.388281 0.253906 0.007812 0.089063
0 0.707812 0.345313 0.071875 0.003125
0 0.706250 0.362500 0.075000 0.006250
0 0.710156 0.710156 0.070312 0.004687
1 0.194531 0.731250 0.176563 0.012500
1 0.511719 0.728906 0.210938 0.014063
1 0.780469 0.605469 0.129688 0.014063
13 0.125000 0.677344 0.037500 0.076563
13 0.125000 0.467187 0.037500 0.075000
4 0.189844 0.570312 0.170313 0.134375
2 0.280469 0.695312 0.042188 0.040625
5 0.337500 0.678906 0.068750 0.070312
12 0.369531 0.570312 0.007812 0.078125
2 0.363281 0.571875 0.026562 0.121875
5 0.471875 0.675000 0.165625 0.071875
5 0.425781 0.557031 0.073438 0.160938
13 0.428125 0.464063 0.071875 0.025000
2 0.528906 0.546094 0.060937 0.104688
12 0.651563 0.538281 0.009375 0.107813
2 0.646094 0.536719 0.026562 0.145313
2 0.558594 0.271094 0.060937 0.120313
14 0.849219 0.640625 0.057813 0.056250
17 0.891406 0.625781 0.017188 0.026562
3 0.513281 0.295312 0.026562 0.037500
3 0.514844 0.243750 0.023438 0.040625
3 0.603125 0.295312 0.025000 0.040625
3 0.602344 0.244531 0.026562 0.039062
10 0.703906 0.239062 0.064062 0.059375
2 0.817969 0.235938 0.164062 0.053125
7 0.777344 0.235156 0.064062 0.042188
9 0.875000 0.304688 0.050000 0.084375
12 0.877344 0.460938 0.010937 0.068750
13 0.875000 0.426562 0.050000 0.137500
3 0.833594 0.403125 0.029687 0.040625
13 0.686719 0.481250 0.039062 0.040625
5 0.760156 0.552344 0.179688 0.095312
11 0.875000 0.550781 0.050000 0.095312
