1 0.500781 0.868750 0.104688 0.009375
1 0.696875 0.869531 0.128125 0.007812
1 0.844531 0.870312 0.051562 0.009375
1 0.268750 0.867969 0.178125 0.010937
1 0.816406 0.132812 0.126562 0.006250
1 0.603906 0.134375 0.095312 0.006250
5 0.271875 0.822656 0.115625 0.057813
5 0.365625 0.703125 0.062500 0.165625
5 0.272656 0.582813 0.107813 0.053125
5 0.228906 0.702344 0.017188 0.064062
2 0.268750 0.701562 0.059375 0.090625
2 0.272656 0.411719 0.120313 0.064062
2 0.421094 0.710938 0.029687 0.281250
2 0.729688 0.240625 0.018750 0.100000
2 0.776563 0.752344 0.028125 0.229687
2 0.132031 0.703906 0.026562 0.167187
17 0.132812 0.818750 0.028125 0.059375
17 0.130469 0.528125 0.029687 0.062500
17 0.131250 0.587500 0.031250 0.053125
17 0.171875 0.176562 0.075000 0.031250
2 0.225000 0.243750 0.028125 0.062500
15 0.229687 0.180469 0.018750 0.045312
12 0.128906 0.700781 0.014063 0.098437
12 0.724219 0.240625 0.007812 0.059375
12 0.782031 0.735156 0.007812 0.064062
13 0.586719 0.820312 0.029687 0.053125
13 0.586719 0.653906 0.029687 0.051562
4 0.640625 0.738281 0.137500 0.120313
4 0.606250 0.263281 0.118750 0.098437
4 0.835156 0.242188 0.120313 0.100000
3 0.745313 0.825781 0.028125 0.032813
3 0.861719 0.323438 0.023438 0.028125
3 0.428906 0.435937 0.023438 0.031250
3 0.428125 0.389062 0.018750 0.028125
3 0.307031 0.454688 0.029687 0.018750
3 0.343750 0.414062 0.015625 0.031250
3 0.308594 0.367969 0.026562 0.023438
3 0.271094 0.368750 0.029687 0.021875
3 0.236719 0.370313 0.029687 0.021875
3 0.235937 0.454688 0.031250 0.021875
3 0.271875 0.455469 0.028125 0.023438
3 0.203125 0.412500 0.018750 0.031250
3 0.589844 0.181250 0.026562 0.031250
5 0.539844 0.715625 0.054688 0.068750
5 0.538281 0.614844 0.051562 0.070312
2 0.542188 0.665625 0.037500 0.025000
3 0.500781 0.803906 0.045312 0.032813
13 0.501563 0.842188 0.128125 0.043750
12 0.419531 0.667187 0.010937 0.090625
2 0.364844 0.590625 0.042188 0.043750
2 0.364844 0.815625 0.042188 0.043750
7 0.278125 0.176562 0.037500 0.034375
6 0.317969 0.182813 0.026562 0.046875
2 0.422656 0.235156 0.029687 0.085938
7 0.520312 0.313281 0.037500 0.064062
9 0.519531 0.184375 0.032813 0.056250
2 0.520312 0.242188 0.040625 0.209375
14 0.653125 0.108594 0.043750 0.042188
17 0.689063 0.121875 0.025000 0.015625
13 0.562500 0.178906 0.031250 0.067187
13 0.558594 0.329688 0.026562 0.031250
17 0.573438 0.421875 0.053125 0.028125
17 0.624219 0.422656 0.048438 0.029687
11 0.600000 0.382031 0.109375 0.042188
11 0.842969 0.375781 0.132812 0.039062
13 0.892969 0.321875 0.032813 0.062500
10 0.411719 0.311719 0.045312 0.051562
0 0.759375 0.600000 0.003125 0.053125
0 0.709375 0.439844 0.006250 0.057813
0 0.721875 0.439063 0.006250 0.053125
0 0.809375 0.404687 0.046875 0.006250
0 0.801562 0.667187 0.006250 0.050000
0 0.491406 0.572656 0.070312 0.004687
0 0.246094 0.245313 0.004687 0.050000
0 0.440625 0.101562 0.003125 0.053125
7 0.893750 0.426562 0.034375 0.037500
6 0.812500 0.489062 0.021875 0.046875
15 0.883594 0.536719 0.017188 0.035937
11 0.827344 0.539062 0.085938 0.037500
11 0.889844 0.596875 0.039062 0.081250
7 0.891406 0.677344 0.035937 0.060937
6 0.884375 0.728906 0.050000 0.026562
8 0.852344 0.835938 0.110937 0.056250
11 0.635938 0.591406 0.125000 0.039062
2 0.397656 0.412500 0.039062 0.118750
