15 0.171094 0.914844 0.029687 0.064062
15 0.812500 0.808594 0.075000 0.120313
16 0.921875 0.803906 0.040625 0.082812
1 0.833594 0.739844 0.132812 0.014063
1 0.759375 0.557031 0.009375 0.070312
1 0.261719 0.222656 0.010937 0.229687
1 0.260937 0.432031 0.009375 0.104688
1 0.120313 0.543750 0.009375 0.050000
1 0.264062 0.803125 0.012500 0.131250
1 0.630469 0.907031 0.101562 0.014063
4 0.671094 0.853125 0.164062 0.093750
4 0.379688 0.810156 0.140625 0.179688
4 0.375000 0.464844 0.143750 0.170313
13 0.735938 0.772656 0.037500 0.067187
13 0.492969 0.880469 0.098437 0.042188
13 0.292187 0.881250 0.046875 0.040625
13 0.289062 0.397656 0.040625 0.039062
13 0.464062 0.395312 0.050000 0.037500
15 0.104688 0.653125 0.021875 0.140625
15 0.167187 0.063281 0.028125 0.060937
8 0.192969 0.532813 0.139063 0.068750
6 0.154688 0.607031 0.059375 0.042188
6 0.722656 0.555469 0.060937 0.042188
7 0.150781 0.682812 0.051562 0.078125
7 0.725781 0.481250 0.051562 0.075000
7 0.874219 0.323438 0.045312 0.053125
9 0.874219 0.460938 0.039062 0.065625
2 0.873437 0.398438 0.050000 0.212500
0 0.803906 0.477344 0.073438 0.082812
0 0.588281 0.714844 0.073438 0.076563
0 0.663281 0.614844 0.054688 0.039062
0 0.657031 0.475781 0.060937 0.064062
0 0.513281 0.550781 0.076563 0.076563
0 0.512500 0.638281 0.075000 0.073438
0 0.238281 0.691406 0.060937 0.064062
0 0.863281 0.144531 0.098437 0.095312
3 0.497656 0.839844 0.039062 0.042188
3 0.673438 0.394531 0.040625 0.032813
3 0.724219 0.394531 0.039062 0.032813
3 0.673438 0.292969 0.040625 0.032813
3 0.724219 0.292969 0.035937 0.032813
2 0.696094 0.343750 0.110937 0.071875
3 0.697656 0.777344 0.035937 0.042188
11 0.360938 0.625781 0.181250 0.051562
11 0.689844 0.713281 0.123438 0.051562
11 0.514062 0.442969 0.053125 0.129688
15 0.742188 0.639844 0.021875 0.073438
2 0.741406 0.082812 0.135937 0.031250
17 0.640625 0.088281 0.065625 0.039062
17 0.578125 0.088281 0.062500 0.039062
2 0.407031 0.088281 0.276562 0.039062
12 0.428125 0.085156 0.103125 0.010937
2 0.428906 0.234375 0.104688 0.062500
5 0.557813 0.174219 0.059375 0.064062
5 0.405469 0.329688 0.273438 0.075000
5 0.306250 0.256250 0.075000 0.068750
