1 0.811719 0.275781 0.176563 0.014063
1 0.491406 0.273438 0.210938 0.012500
1 0.221094 0.398438 0.132812 0.012500
5 0.528125 0.335156 0.171875 0.073438
5 0.575781 0.444531 0.076563 0.139063
2 0.470313 0.463281 0.053125 0.104688
5 0.467969 0.575781 0.051562 0.054688
2 0.575781 0.535937 0.076563 0.037500
12 0.352344 0.466406 0.010937 0.104688
2 0.357812 0.467969 0.025000 0.145313
12 0.123437 0.542969 0.009375 0.067187
2 0.125781 0.575000 0.051562 0.143750
13 0.314844 0.525000 0.039062 0.046875
13 0.877344 0.537500 0.042188 0.100000
13 0.880469 0.323437 0.039062 0.053125
14 0.151563 0.364844 0.059375 0.051562
17 0.108594 0.379688 0.017188 0.025000
11 0.125781 0.454688 0.051562 0.093750
4 0.235156 0.453906 0.160938 0.095312
3 0.169531 0.601562 0.029687 0.040625
0 0.296875 0.643750 0.075000 0.006250
0 0.292188 0.293750 0.075000 0.006250
0 0.664062 0.635938 0.075000 0.003125
0 0.661719 0.653125 0.067187 0.006250
0 0.614844 0.750000 0.004687 0.087500
4 0.815625 0.419531 0.168750 0.135937
12 0.631250 0.420312 0.009375 0.078125
2 0.638281 0.420312 0.029687 0.121875
3 0.841406 0.550781 0.026562 0.039062
2 0.640625 0.505469 0.018750 0.029687
2 0.641406 0.334375 0.020313 0.031250
11 0.806250 0.611719 0.184375 0.048438
9 0.125781 0.728125 0.051562 0.140625
7 0.208594 0.771875 0.117188 0.053125
10 0.301562 0.767969 0.065625 0.060937
2 0.443750 0.736719 0.062500 0.123438
3 0.489844 0.711719 0.026562 0.039062
3 0.489062 0.763281 0.025000 0.039062
3 0.399219 0.710938 0.026562 0.040625
3 0.399219 0.763281 0.026562 0.042188
7 0.662500 0.776563 0.050000 0.043750
6 0.716406 0.767188 0.029687 0.062500
15 0.786719 0.787500 0.048438 0.021875
8 0.860156 0.724219 0.079687 0.148438
