13 0.230469 0.885156 0.067187 0.042188
13 0.428906 0.886719 0.107813 0.039062
13 0.636719 0.735156 0.073438 0.039062
13 0.392188 0.407031 0.071875 0.039062
13 0.221094 0.405469 0.045312 0.039062
15 0.107813 0.873438 0.028125 0.062500
15 0.110156 0.074219 0.026562 0.060937
15 0.745313 0.796094 0.018750 0.060937
1 0.682031 0.911719 0.089063 0.014063
1 0.760156 0.721094 0.010937 0.067187
1 0.825000 0.667969 0.115625 0.007812
1 0.759375 0.484375 0.009375 0.050000
1 0.192969 0.231250 0.010937 0.228125
1 0.192969 0.550000 0.010937 0.087500
1 0.191406 0.750781 0.010937 0.157812
4 0.317969 0.817969 0.123438 0.176563
4 0.710156 0.669531 0.082812 0.170313
4 0.296094 0.473437 0.120313 0.168750
3 0.433594 0.848438 0.035937 0.031250
3 0.639062 0.698437 0.034375 0.034375
3 0.393750 0.441406 0.034375 0.029687
16 0.161719 0.438281 0.035937 0.082812
11 0.293750 0.633594 0.190625 0.048438
11 0.576562 0.681250 0.046875 0.146875
11 0.448437 0.449219 0.043750 0.123438
15 0.722656 0.398438 0.064062 0.021875
7 0.523438 0.878906 0.068750 0.051562
7 0.585938 0.413281 0.062500 0.051562
7 0.800781 0.249219 0.045312 0.042188
0 0.517188 0.787500 0.053125 0.065625
0 0.511719 0.636719 0.067187 0.076563
0 0.445312 0.558594 0.065625 0.076563
0 0.581250 0.557812 0.068750 0.071875
0 0.575000 0.475781 0.053125 0.064062
0 0.701562 0.480469 0.037500 0.054688
0 0.799219 0.400781 0.067187 0.070312
0 0.650000 0.794531 0.037500 0.057813
0 0.854688 0.157031 0.084375 0.092188
6 0.596875 0.874219 0.040625 0.064062
6 0.650781 0.418750 0.035937 0.062500
2 0.230469 0.332812 0.048438 0.053125
2 0.459375 0.332812 0.046875 0.053125
2 0.642969 0.260156 0.104688 0.060937
2 0.610156 0.095313 0.120313 0.025000
2 0.339062 0.094531 0.281250 0.026562
17 0.515625 0.095313 0.068750 0.025000
17 0.703906 0.094531 0.067187 0.023438
17 0.771875 0.094531 0.068750 0.026562
12 0.344531 0.095313 0.089063 0.009375
5 0.231250 0.248437 0.062500 0.075000
5 0.460156 0.249219 0.064062 0.076563
5 0.344531 0.340625 0.154688 0.071875
2 0.345313 0.246094 0.103125 0.060937
3 0.618750 0.304688 0.037500 0.025000
3 0.667969 0.305469 0.032813 0.023438
3 0.620313 0.216406 0.031250 0.026562
3 0.671094 0.215625 0.035937 0.021875
9 0.863281 0.392188 0.032813 0.065625
2 0.861719 0.330469 0.045312 0.210938
2 0.807031 0.250781 0.064062 0.048438
8 0.693750 0.869531 0.121875 0.067187
