6 0.162500 0.354688 0.050000 0.028125
6 0.439844 0.420312 0.045312 0.025000
7 0.169531 0.412500 0.035937 0.062500
7 0.432031 0.472656 0.035937 0.035937
7 0.625000 0.171094 0.040625 0.064062
9 0.533594 0.090625 0.051562 0.034375
2 0.564844 0.090625 0.157812 0.040625
2 0.625781 0.157031 0.039062 0.092188
10 0.622656 0.229688 0.048438 0.050000
2 0.504687 0.277344 0.037500 0.079687
1 0.480469 0.179688 0.010937 0.106250
17 0.466406 0.079688 0.014063 0.018750
14 0.421094 0.090625 0.045312 0.040625
1 0.459375 0.321094 0.028125 0.007812
17 0.425781 0.354688 0.020313 0.056250
0 0.513281 0.479688 0.004687 0.050000
11 0.388281 0.377344 0.039062 0.098437
4 0.263281 0.367969 0.139063 0.076563
1 0.275000 0.321875 0.106250 0.009375
13 0.210938 0.457031 0.034375 0.098437
3 0.241406 0.459375 0.023438 0.031250
0 0.406250 0.477344 0.003125 0.054688
15 0.177344 0.482812 0.020313 0.043750
8 0.065625 0.384375 0.059375 0.112500
1 0.031250 0.379687 0.012500 0.106250
0 0.157031 0.479688 0.004687 0.050000
12 0.064844 0.658594 0.007812 0.057813
12 0.692187 0.667187 0.009375 0.081250
17 0.049219 0.677344 0.023438 0.035937
17 0.048438 0.641406 0.025000 0.032813
11 0.057813 0.567188 0.040625 0.112500
11 0.057031 0.752344 0.042188 0.110937
2 0.071094 0.659375 0.020313 0.071875
5 0.171094 0.806250 0.110937 0.050000
5 0.811719 0.768750 0.039062 0.053125
5 0.909375 0.767969 0.137500 0.060937
5 0.949219 0.663281 0.057813 0.148438
2 0.949219 0.571094 0.042188 0.026562
5 0.851562 0.576562 0.084375 0.040625
2 0.850781 0.667187 0.067187 0.065625
5 0.911719 0.496094 0.026562 0.067187
0 0.803906 0.328906 0.067187 0.007812
2 0.792969 0.305469 0.095312 0.032813
17 0.710938 0.308594 0.056250 0.035937
13 0.257031 0.757031 0.029687 0.042188
13 0.257031 0.598438 0.029687 0.040625
13 0.292187 0.802344 0.028125 0.035937
13 0.295312 0.635937 0.034375 0.090625
13 0.332031 0.603125 0.042188 0.025000
2 0.541406 0.721094 0.114062 0.051562
2 0.660937 0.647656 0.028125 0.107813
13 0.659375 0.755469 0.031250 0.107813
2 0.696094 0.664844 0.029687 0.154688
2 0.550000 0.824219 0.093750 0.020313
3 0.540625 0.765625 0.037500 0.037500
3 0.517969 0.680469 0.032813 0.026562
3 0.564063 0.680469 0.034375 0.023438
3 0.331250 0.649219 0.031250 0.029687
3 0.597656 0.485156 0.020313 0.029687
3 0.598437 0.446094 0.021875 0.029687
3 0.598437 0.407813 0.021875 0.034375
3 0.681250 0.483594 0.021875 0.029687
3 0.681250 0.446094 0.021875 0.029687
3 0.682031 0.407031 0.023438 0.029687
2 0.639062 0.446094 0.059375 0.129688
5 0.640625 0.363281 0.031250 0.029687
5 0.902344 0.861719 0.057813 0.057813
2 0.857812 0.843750 0.031250 0.028125
1 0.165625 0.839844 0.125000 0.007812
1 0.359375 0.840625 0.118750 0.009375
1 0.547656 0.841406 0.123438 0.007812
1 0.838281 0.815625 0.242188 0.009375
0 0.244531 0.514844 0.057813 0.004687
0 0.432812 0.619531 0.003125 0.057813
0 0.582031 0.590625 0.092188 0.006250
11 0.460938 0.775781 0.037500 0.123438
11 0.460938 0.652344 0.037500 0.120313
4 0.201563 0.676563 0.137500 0.125000
