1 0.126562 0.792969 0.006250 0.076563
1 0.126562 0.604687 0.009375 0.168750
15 0.141406 0.872656 0.026562 0.032813
15 0.117969 0.733594 0.017188 0.023438
15 0.338281 0.836719 0.014063 0.035937
15 0.360156 0.876562 0.020313 0.040625
8 0.154688 0.786719 0.050000 0.129688
7 0.275000 0.736719 0.100000 0.035937
6 0.312500 0.831250 0.028125 0.021875
11 0.400781 0.837500 0.101562 0.034375
11 0.438281 0.735938 0.020313 0.165625
17 0.300000 0.700000 0.053125 0.021875
0 0.313281 0.782812 0.035937 0.046875
12 0.228125 0.698437 0.056250 0.006250
17 0.158594 0.701562 0.057813 0.018750
2 0.228906 0.699219 0.082812 0.023438
13 0.184375 0.501563 0.018750 0.025000
13 0.275000 0.501563 0.025000 0.025000
13 0.313281 0.503125 0.045312 0.028125
17 0.461719 0.819531 0.010937 0.067187
17 0.460938 0.757812 0.015625 0.053125
17 0.463281 0.696094 0.010937 0.064062
2 0.512500 0.756250 0.028125 0.096875
5 0.560156 0.753125 0.026562 0.162500
5 0.488281 0.755469 0.023438 0.032813
1 0.404687 0.859375 0.056250 0.009375
1 0.297656 0.859375 0.054688 0.006250
3 0.309375 0.530469 0.018750 0.026562
4 0.227344 0.550000 0.076563 0.121875
5 0.146094 0.563281 0.023438 0.082812
3 0.231250 0.625000 0.056250 0.028125
0 0.355469 0.620312 0.032813 0.046875
15 0.585156 0.832031 0.010937 0.048438
15 0.608594 0.872656 0.020313 0.032813
1 0.652344 0.859375 0.060937 0.009375
1 0.761719 0.859375 0.060937 0.009375
1 0.919531 0.767187 0.007812 0.100000
1 0.919531 0.590625 0.007812 0.100000
1 0.920312 0.416406 0.009375 0.095312
13 0.805469 0.846875 0.020313 0.018750
13 0.887500 0.846094 0.018750 0.017188
4 0.848437 0.793750 0.068750 0.121875
0 0.593750 0.667187 0.028125 0.043750
0 0.612500 0.788281 0.025000 0.026562
0 0.594531 0.733594 0.026562 0.042188
6 0.628906 0.742969 0.026562 0.026562
7 0.628125 0.682031 0.028125 0.060937
7 0.660156 0.716406 0.023438 0.057813
6 0.660937 0.675000 0.028125 0.018750
0 0.693750 0.723438 0.031250 0.043750
8 0.688281 0.826563 0.076563 0.056250
11 0.720313 0.765625 0.018750 0.043750
5 0.847656 0.720313 0.045312 0.018750
5 0.232813 0.296094 0.090625 0.045312
5 0.298438 0.210938 0.031250 0.084375
5 0.175000 0.223437 0.040625 0.056250
5 0.759375 0.816406 0.040625 0.054688
17 0.783594 0.660938 0.073438 0.018750
12 0.848437 0.656250 0.040625 0.006250
2 0.850781 0.660938 0.060937 0.021875
17 0.898438 0.660938 0.037500 0.018750
12 0.840625 0.637500 0.028125 0.006250
2 0.842187 0.629688 0.043750 0.021875
17 0.932031 0.841406 0.026562 0.026562
17 0.932031 0.692188 0.029687 0.034375
17 0.932031 0.516406 0.029687 0.035937
17 0.165625 0.471875 0.034375 0.018750
17 0.310937 0.471875 0.034375 0.018750
17 0.275781 0.471875 0.032813 0.018750
17 0.205469 0.471875 0.039062 0.021875
17 0.241406 0.472656 0.035937 0.020313
1 0.125000 0.435937 0.006250 0.093750
1 0.124219 0.210938 0.007812 0.221875
12 0.235156 0.098437 0.051562 0.006250
2 0.235156 0.388281 0.117188 0.054688
3 0.239063 0.433594 0.031250 0.032813
2 0.169531 0.288281 0.023438 0.032813
2 0.298438 0.287500 0.025000 0.034375
2 0.234375 0.228906 0.050000 0.045312
5 0.233594 0.162500 0.048438 0.031250
0 0.406250 0.175000 0.037500 0.053125
0 0.441406 0.175781 0.035937 0.054688
0 0.503125 0.168750 0.037500 0.056250
1 0.535156 0.242969 0.004687 0.039062
1 0.534375 0.174219 0.006250 0.035937
15 0.551562 0.242969 0.028125 0.064062
15 0.551562 0.177344 0.031250 0.057813
0 0.601562 0.317969 0.046875 0.064062
0 0.727344 0.668750 0.032813 0.050000
0 0.764062 0.620312 0.034375 0.046875
4 0.840625 0.526562 0.071875 0.109375
11 0.761719 0.514062 0.023438 0.087500
2 0.796094 0.489062 0.017188 0.025000
2 0.886719 0.489844 0.017188 0.023438
0 0.760938 0.439844 0.034375 0.045312
7 0.805469 0.346094 0.039062 0.035937
14 0.840625 0.349219 0.025000 0.035937
7 0.628125 0.385156 0.034375 0.029687
7 0.534375 0.383594 0.037500 0.032813
2 0.663281 0.383594 0.160938 0.035937
9 0.710938 0.383594 0.031250 0.032813
2 0.513281 0.384375 0.123438 0.034375
2 0.236719 0.099219 0.085938 0.023438
10 0.703125 0.538281 0.040625 0.045312
2 0.667188 0.542969 0.153125 0.032813
2 0.612500 0.494531 0.043750 0.064062
2 0.488281 0.517188 0.082812 0.106250
3 0.515625 0.576562 0.025000 0.034375
3 0.485938 0.590625 0.021875 0.031250
3 0.458594 0.575781 0.026562 0.039062
3 0.435937 0.542187 0.021875 0.037500
3 0.439063 0.497656 0.025000 0.032813
3 0.456250 0.460156 0.025000 0.035937
3 0.485156 0.444531 0.020313 0.029687
3 0.515625 0.460156 0.028125 0.035937
3 0.533594 0.496094 0.026562 0.032813
3 0.535156 0.540625 0.026562 0.034375
3 0.580469 0.526562 0.017188 0.021875
3 0.581250 0.492969 0.015625 0.023438
