0 0.128906 0.872656 0.098437 0.010937
17 0.194531 0.925000 0.064062 0.046875
12 0.303125 0.942187 0.112500 0.015625
10 0.432031 0.909375 0.070312 0.078125
17 0.496094 0.916406 0.057813 0.067187
7 0.568750 0.918750 0.065625 0.059375
7 0.917188 0.397656 0.050000 0.054688
7 0.402344 0.475000 0.048438 0.065625
2 0.308594 0.925781 0.167187 0.048438
9 0.696094 0.914844 0.070312 0.051562
2 0.632031 0.917188 0.210938 0.068750
2 0.305469 0.700000 0.101562 0.078125
0 0.119531 0.475000 0.010937 0.093750
0 0.528125 0.475781 0.009375 0.095312
0 0.482031 0.098437 0.067187 0.006250
0 0.814844 0.664062 0.076563 0.006250
5 0.310156 0.581250 0.198437 0.096875
11 0.287500 0.488281 0.162500 0.064062
11 0.698438 0.487500 0.162500 0.065625
2 0.758594 0.416406 0.042188 0.076563
2 0.757812 0.150000 0.040625 0.115625
4 0.687500 0.289062 0.181250 0.184375
1 0.789062 0.248437 0.012500 0.206250
1 0.603906 0.084375 0.151562 0.012500
1 0.465625 0.063281 0.096875 0.014063
1 0.229687 0.134375 0.131250 0.018750
16 0.314844 0.091406 0.082812 0.051562
3 0.313281 0.185156 0.029687 0.048438
13 0.347656 0.427344 0.042188 0.051562
13 0.349219 0.188281 0.039062 0.085938
0 0.485156 0.267969 0.057813 0.045312
6 0.415625 0.187500 0.071875 0.059375
7 0.400781 0.113281 0.048438 0.067187
6 0.415625 0.403906 0.071875 0.054688
4 0.280469 0.316406 0.176563 0.167187
15 0.390625 0.296875 0.025000 0.093750
3 0.724219 0.154687 0.026562 0.050000
14 0.843750 0.408594 0.065625 0.073438
2 0.605469 0.703125 0.135937 0.090625
3 0.578906 0.638281 0.042188 0.039062
3 0.632812 0.637500 0.046875 0.040625
3 0.578906 0.769531 0.045312 0.042188
3 0.632031 0.768750 0.045312 0.040625
1 0.744531 0.771875 0.014063 0.165625
