1 0.792969 0.126562 0.076563 0.006250
1 0.604687 0.126562 0.168750 0.009375
15 0.872656 0.141406 0.032813 0.026562
15 0.733594 0.117969 0.023438 0.017188
15 0.836719 0.338281 0.035937 0.014063
15 0.876562 0.360156 0.040625 0.020313
8 0.786719 0.154688 0.129688 0.050000
7 0.736719 0.275000 0.035937 0.100000
6 0.831250 0.312500 0.021875 0.028125
11 0.837500 0.400781 0.034375 0.101562
11 0.735938 0.438281 0.165625 0.020313
17 0.700000 0.300000 0.021875 0.053125
0 0.782812 0.313281 0.046875 0.035937
12 0.698437 0.228125 0.006250 0.056250
17 0.701562 0.158594 0.018750 0.057813
2 0.699219 0.228906 0.023438 0.082812
13 0.501563 0.184375 0.025000 0.018750
13 0.501563 0.275000 0.025000 0.025000
13 0.503125 0.313281 0.028125 0.045312
17 0.819531 0.461719 0.067187 0.010937
17 0.757812 0.460938 0.053125 0.015625
17 0.696094 0.463281 0.064062 0.010937
2 0.756250 0.512500 0.096875 0.028125
5 0.753125 0.560156 0.162500 0.026562
5 0.755469 0.488281 0.032813 0.023438
1 0.859375 0.404687 0.009375 0.056250
1 0.859375 0.297656 0.006250 0.054688
3 0.530469 0.309375 0.026562 0.018750
4 0.550000 0.227344 0.121875 0.076563
5 0.563281 0.146094 0.082812 0.023438
3 0.625000 0.231250 0.028125 0.056250
0 0.620312 0.355469 0.046875 0.032813
15 0.832031 0.585156 0.048438 0.010937
15 0.872656 0.608594 0.032813 0.020313
1 0.859375 0.652344 0.009375 0.060937
1 0.859375 0.761719 0.009375 0.060937
1 0.767187 0.919531 0.100000 0.007812
1 0.590625 0.919531 0.100000 0.007812
1 0.416406 0.920312 0.095312 0.009375
13 0.846875 0.805469 0.018750 0.020313
13 0.846094 0.887500 0.017188 0.018750
4 0.793750 0.848437 0.121875 0.068750
0 0.667187 0.593750 0.043750 0.028125
0 0.788281 0.612500 0.026562 0.025000
0 0.733594 0.594531 0.042188 0.026562
6 0.742969 0.628906 0.026562 0.026562
7 0.682031 0.628125 0.060937 0.028125
7 0.716406 0.660156 0.057813 0.023438
6 0.675000 0.660937 0.018750 0.028125
0 0.723438 0.693750 0.043750 0.031250
8 0.826563 0.688281 0.056250 0.076563
11 0.765625 0.720313 0.043750 0.018750
5 0.720313 0.847656 0.018750 0.045312
5 0.296094 0.232813 0.045312 0.090625
5 0.210938 0.298438 0.084375 0.031250
5 0.223437 0.175000 0.056250 0.040625
5 0.816406 0.759375 0.054688 0.040625
17 0.660938 0.783594 0.018750 0.073438
12 0.656250 0.848437 0.006250 0.040625
2 0.660938 0.850781 0.021875 0.060937
17 0.660938 0.898438 0.018750 0.037500
12 0.637500 0.840625 0.006250 0.028125
2 0.629688 0.842187 0.021875 0.043750
17 0.841406 0.932031 0.026562 0.026562
17 0.692188 0.932031 0.034375 0.029687
17 0.516406 0.932031 0.035937 0.029687
17 0.471875 0.165625 0.018750 0.034375
17 0.471875 0.310937 0.018750 0.034375
17 0.471875 0.275781 0.018750 0.032813
17 0.471875 0.205469 0.021875 0.039062
17 0.472656 0.241406 0.020313 0.035937
1 0.435937 0.125000 0.093750 0.006250
1 0.210938 0.124219 0.221875 0.007812
12 0.098437 0.235156 0.006250 0.051562
2 0.388281 0.235156 0.054688 0.117188
3 0.433594 0.239063 0.032813 0.031250
2 0.288281 0.169531 0.032813 0.023438
2 0.287500 0.298438 0.034375 0.025000
2 0.228906 0.234375 0.045312 0.050000
5 0.162500 0.233594 0.031250 0.048438
0 0.175000 0.406250 0.053125 0.037500
0 0.175781 0.441406 0.054688 0.035937
0 0.168750 0.503125 0.056250 0.037500
1 0.242969 0.535156 0.039062 0.004687
1 0.174219 0.534375 0.035937 0.006250
15 0.242969 0.551562 0.064062 0.028125
15 0.177344 0.551562 0.057813 0.031250
0 0.317969 0.601562 0.064062 0.046875
0 0.668750 0.727344 0.050000 0.032813
0 0.620312 0.764062 0.046875 0.034375
4 0.526562 0.840625 0.109375 0.071875
11 0.514062 0.761719 0.087500 0.023438
2 0.489062 0.796094 0.025000 0.017188
2 0.489844 0.886719 0.023438 0.017188
0 0.439844 0.760938 0.045312 0.034375
7 0.346094 0.805469 0.035937 0.039062
14 0.349219 0.840625 0.035937 0.025000
7 0.385156 0.628125 0.029687 0.034375
7 0.383594 0.534375 0.032813 0.037500
2 0.383594 0.663281 0.035937 0.160938
9 0.383594 0.710938 0.032813 0.031250
2 0.384375 0.513281 0.034375 0.123438
2 0.099219 0.236719 0.023438 0.085938
10 0.538281 0.703125 0.045312 0.040625
2 0.542969 0.667188 0.032813 0.153125
2 0.494531 0.612500 0.064062 0.043750
2 0.517188 0.488281 0.106250 0.082812
3 0.576562 0.515625 0.034375 0.025000
3 0.590625 0.485938 0.031250 0.021875
3 0.575781 0.458594 0.039062 0.026562
3 0.542187 0.435937 0.037500 0.021875
3 0.497656 0.439063 0.032813 0.025000
3 0.460156 0.456250 0.035937 0.025000
3 0.444531 0.485156 0.029687 0.020313
3 0.460156 0.515625 0.035937 0.028125
3 0.496094 0.533594 0.032813 0.026562
3 0.540625 0.535156 0.034375 0.026562
3 0.526562 0.580469 0.021875 0.017188
3 0.492969 0.581250 0.023438 0.015625
