1 0.189062 0.833594 0.012500 0.251563
1 0.190625 0.551563 0.009375 0.112500
1 0.162500 0.272656 0.012500 0.220312
1 0.384375 0.065625 0.009375 0.040625
1 0.680469 0.075781 0.057813 0.010937
1 0.835938 0.386719 0.012500 0.107813
1 0.931250 0.171875 0.009375 0.103125
1 0.928906 0.721875 0.007812 0.084375
17 0.225000 0.959375 0.059375 0.028125
17 0.480469 0.959375 0.057813 0.025000
17 0.640625 0.960156 0.096875 0.029687
17 0.738281 0.960938 0.095312 0.031250
17 0.908594 0.802344 0.029687 0.045312
17 0.739062 0.185937 0.040625 0.025000
17 0.763281 0.611719 0.042188 0.042188
2 0.550781 0.959375 0.079687 0.028125
2 0.683594 0.705469 0.067187 0.132812
2 0.737500 0.843750 0.103125 0.031250
2 0.467969 0.667187 0.039062 0.040625
2 0.339844 0.771094 0.073438 0.073438
2 0.242969 0.667187 0.039062 0.040625
2 0.239844 0.774219 0.039062 0.029687
5 0.241406 0.817969 0.048438 0.045312
5 0.241406 0.728906 0.048438 0.048438
5 0.354687 0.667187 0.150000 0.050000
5 0.469531 0.767187 0.054688 0.109375
5 0.843750 0.701562 0.034375 0.034375
5 0.842187 0.797656 0.031250 0.032813
2 0.841406 0.750781 0.042188 0.042188
2 0.909375 0.728125 0.028125 0.096875
2 0.351562 0.960156 0.193750 0.029687
2 0.253906 0.385156 0.176563 0.039062
12 0.285938 0.387500 0.068750 0.009375
12 0.353906 0.961719 0.089063 0.010937
12 0.319531 0.417969 0.067187 0.004687
13 0.233594 0.614844 0.051562 0.032813
13 0.417187 0.615625 0.084375 0.031250
13 0.696094 0.300781 0.085938 0.042188
13 0.797656 0.102344 0.070312 0.039062
13 0.364844 0.114062 0.051562 0.028125
13 0.195312 0.114844 0.056250 0.032813
13 0.878906 0.253906 0.089063 0.032813
4 0.878125 0.167969 0.090625 0.139063
4 0.785156 0.377344 0.089063 0.139063
4 0.314844 0.562500 0.110937 0.137500
4 0.280469 0.167969 0.107813 0.139063
3 0.207813 0.348437 0.031250 0.031250
3 0.417187 0.584375 0.034375 0.031250
3 0.634375 0.746875 0.031250 0.034375
3 0.635156 0.706250 0.026562 0.031250
3 0.635938 0.665625 0.028125 0.031250
3 0.731250 0.747656 0.028125 0.032813
3 0.733594 0.706250 0.029687 0.031250
3 0.732812 0.664844 0.031250 0.032813
2 0.679688 0.610938 0.037500 0.040625
2 0.719531 0.612500 0.042188 0.040625
9 0.732031 0.491406 0.067187 0.045312
7 0.621875 0.489844 0.065625 0.042188
7 0.823438 0.639062 0.037500 0.040625
7 0.480469 0.242969 0.042188 0.067187
7 0.619531 0.103125 0.064062 0.043750
14 0.879687 0.635937 0.056250 0.062500
2 0.719531 0.490625 0.129688 0.043750
15 0.815625 0.482031 0.034375 0.017188
15 0.153125 0.448438 0.062500 0.065625
15 0.142187 0.106250 0.025000 0.015625
8 0.457813 0.053906 0.134375 0.064062
6 0.483594 0.171875 0.051562 0.031250
6 0.679688 0.104688 0.031250 0.050000
15 0.556250 0.088281 0.046875 0.017188
11 0.738281 0.125781 0.042188 0.085938
11 0.621094 0.299219 0.064062 0.042188
11 0.421094 0.385156 0.157812 0.039062
11 0.480469 0.557031 0.039062 0.148438
0 0.751563 0.902344 0.093750 0.082812
0 0.821094 0.553125 0.067187 0.062500
0 0.617188 0.383594 0.071875 0.064062
0 0.475000 0.446094 0.068750 0.060937
0 0.475000 0.315625 0.068750 0.065625
0 0.425781 0.252344 0.051562 0.057813
0 0.618750 0.167969 0.050000 0.057813
0 0.692187 0.238281 0.071875 0.064062
16 0.961719 0.565625 0.026562 0.075000
15 0.942969 0.276563 0.010937 0.040625
3 0.695312 0.336719 0.031250 0.029687
3 0.794531 0.139062 0.035937 0.034375
10 0.625000 0.603125 0.068750 0.056250
