1 0.971094 0.337500 0.007812 0.053125
1 0.864063 0.206250 0.009375 0.125000
1 0.864844 0.411719 0.007812 0.092188
1 0.156250 0.728906 0.006250 0.167187
1 0.155469 0.510156 0.007812 0.101562
1 0.156250 0.320312 0.006250 0.125000
1 0.156250 0.178125 0.006250 0.050000
2 0.791406 0.128125 0.029687 0.025000
2 0.665625 0.129688 0.028125 0.025000
11 0.631250 0.182812 0.037500 0.128125
11 0.625000 0.414844 0.037500 0.101562
11 0.422656 0.381250 0.035937 0.115625
11 0.474219 0.196875 0.039062 0.081250
11 0.417188 0.135937 0.075000 0.034375
14 0.889844 0.364844 0.039062 0.042188
17 0.875000 0.330469 0.009375 0.023438
2 0.832031 0.224219 0.032813 0.023438
12 0.727344 0.296875 0.101562 0.009375
0 0.567188 0.298438 0.053125 0.006250
0 0.567969 0.310156 0.054688 0.004687
0 0.603125 0.215625 0.006250 0.050000
0 0.417188 0.262500 0.050000 0.003125
0 0.351562 0.222656 0.050000 0.004687
0 0.751562 0.751563 0.050000 0.003125
0 0.684375 0.568750 0.053125 0.003125
5 0.832031 0.185156 0.035937 0.039062
5 0.831250 0.263281 0.034375 0.039062
4 0.726562 0.178125 0.096875 0.121875
4 0.743750 0.408594 0.096875 0.117188
4 0.292188 0.377344 0.112500 0.123438
10 0.692188 0.596094 0.050000 0.042188
6 0.815625 0.686719 0.043750 0.023438
6 0.523438 0.210938 0.043750 0.021875
6 0.291406 0.142187 0.026562 0.046875
7 0.342187 0.135156 0.056250 0.035937
7 0.581250 0.132812 0.034375 0.034375
7 0.821875 0.725000 0.031250 0.037500
7 0.691406 0.492188 0.048438 0.028125
9 0.812500 0.492188 0.050000 0.028125
2 0.760156 0.492969 0.198437 0.035937
13 0.823437 0.450781 0.065625 0.029687
13 0.675781 0.453125 0.035937 0.028125
13 0.365625 0.423438 0.037500 0.028125
13 0.222656 0.425000 0.039062 0.028125
13 0.197656 0.245312 0.076563 0.025000
3 0.824219 0.424219 0.029687 0.020313
3 0.196875 0.272656 0.031250 0.020313
3 0.366406 0.539844 0.035937 0.029687
3 0.292969 0.539062 0.035937 0.031250
3 0.630469 0.581250 0.029687 0.018750
3 0.594531 0.581250 0.029687 0.018750
3 0.560156 0.581250 0.026562 0.018750
2 0.594531 0.609375 0.114062 0.037500
2 0.602344 0.732031 0.098437 0.101562
3 0.644531 0.689063 0.035937 0.034375
3 0.603906 0.671875 0.029687 0.021875
3 0.560156 0.690625 0.035937 0.037500
3 0.543750 0.732031 0.021875 0.029687
3 0.560156 0.774219 0.032813 0.032813
3 0.601562 0.789844 0.031250 0.020313
3 0.644531 0.775000 0.035937 0.037500
3 0.662500 0.730469 0.021875 0.029687
2 0.756250 0.775781 0.062500 0.029687
17 0.821875 0.825000 0.031250 0.071875
17 0.585938 0.393750 0.028125 0.050000
17 0.585156 0.442969 0.029687 0.048438
17 0.423438 0.864062 0.053125 0.025000
17 0.198438 0.864844 0.053125 0.026562
2 0.310156 0.864844 0.157812 0.026562
12 0.310937 0.871094 0.093750 0.010937
2 0.594531 0.493750 0.114062 0.037500
2 0.766406 0.586719 0.082812 0.029687
17 0.815625 0.770312 0.043750 0.018750
12 0.603125 0.873437 0.128125 0.009375
2 0.602344 0.867188 0.104688 0.021875
8 0.188281 0.170313 0.054688 0.109375
12 0.293750 0.239844 0.062500 0.007812
2 0.307813 0.246094 0.143750 0.026562
5 0.199219 0.500781 0.054688 0.110937
13 0.332812 0.573438 0.212500 0.037500
2 0.415625 0.638281 0.040625 0.039062
2 0.203125 0.638281 0.040625 0.035937
2 0.309375 0.728125 0.084375 0.087500
5 0.424219 0.698438 0.051562 0.050000
5 0.425000 0.756250 0.056250 0.050000
5 0.310937 0.635156 0.150000 0.057813
5 0.195312 0.721094 0.059375 0.107813
15 0.477344 0.142187 0.032813 0.015625
