15 0.623437 0.574219 0.128125 0.048438
11 0.676562 0.450781 0.262500 0.042188
4 0.680469 0.289844 0.254688 0.132812
4 0.682813 0.807812 0.253125 0.131250
2 0.242188 0.311719 0.050000 0.317188
12 0.242969 0.299219 0.020313 0.089063
7 0.253125 0.579688 0.071875 0.062500
6 0.262500 0.525781 0.084375 0.032813
0 0.355469 0.583594 0.092188 0.054688
0 0.354687 0.503125 0.087500 0.059375
1 0.405469 0.739063 0.010937 0.109375
1 0.587500 0.907812 0.190625 0.012500
0 0.472656 0.701562 0.110937 0.071875
0 0.472656 0.440625 0.110937 0.062500
13 0.782813 0.392969 0.050000 0.073438
13 0.782031 0.188281 0.051562 0.070312
1 0.530469 0.148438 0.439063 0.009375
1 0.305469 0.678906 0.117188 0.007812
3 0.719531 0.706250 0.070312 0.043750
3 0.720313 0.389062 0.075000 0.043750
13 0.782813 0.709375 0.050000 0.065625
13 0.783594 0.888281 0.051562 0.029687
