17 0.757812 0.436719 0.031250 0.064062
17 0.758594 0.499219 0.029687 0.060937
17 0.290625 0.636719 0.040625 0.035937
1 0.647656 0.073438 0.139063 0.009375
1 0.467187 0.074219 0.084375 0.007812
1 0.338281 0.072656 0.104688 0.007812
1 0.312500 0.439844 0.006250 0.064062
1 0.311719 0.538281 0.007812 0.042188
1 0.235937 0.588281 0.009375 0.048438
1 0.237500 0.379688 0.006250 0.046875
1 0.236719 0.754687 0.007812 0.103125
1 0.237500 0.902344 0.006250 0.123438
2 0.746875 0.118750 0.034375 0.034375
2 0.746875 0.323437 0.031250 0.037500
2 0.672656 0.222656 0.054688 0.082812
2 0.487500 0.209375 0.062500 0.065625
2 0.409375 0.144531 0.015625 0.132812
2 0.539062 0.417969 0.096875 0.098437
2 0.560937 0.542188 0.140625 0.025000
2 0.689063 0.420312 0.106250 0.028125
2 0.707812 0.393750 0.137500 0.021875
2 0.565625 0.212500 0.021875 0.178125
12 0.561719 0.217969 0.007812 0.076563
14 0.291406 0.374219 0.032813 0.035937
15 0.424219 0.361719 0.017188 0.035937
15 0.610156 0.569531 0.042188 0.017188
5 0.650781 0.327344 0.039062 0.045312
5 0.699219 0.326562 0.042188 0.046875
5 0.750781 0.221875 0.048438 0.156250
5 0.676562 0.115625 0.090625 0.046875
5 0.487500 0.108594 0.128125 0.057813
3 0.460938 0.179688 0.031250 0.031250
3 0.517969 0.178906 0.032813 0.032813
3 0.517188 0.236719 0.034375 0.032813
3 0.460156 0.237500 0.032813 0.034375
0 0.353906 0.313281 0.023438 0.045312
0 0.515625 0.643750 0.043750 0.006250
0 0.409375 0.620313 0.043750 0.003125
0 0.411719 0.678906 0.042188 0.004687
0 0.487500 0.787500 0.006250 0.046875
0 0.404687 0.360938 0.006250 0.037500
0 0.723437 0.501563 0.003125 0.056250
0 0.413281 0.334375 0.045312 0.003125
13 0.262500 0.107031 0.021875 0.042188
13 0.253125 0.813281 0.025000 0.023438
13 0.375000 0.811719 0.053125 0.023438
13 0.290625 0.964063 0.081250 0.021875
13 0.430469 0.963281 0.032813 0.020313
13 0.265625 0.229687 0.028125 0.050000
3 0.291406 0.229687 0.020313 0.031250
3 0.274219 0.939844 0.029687 0.023438
3 0.375781 0.791406 0.023438 0.020313
11 0.417187 0.776563 0.031250 0.096875
11 0.475781 0.925000 0.029687 0.100000
11 0.299219 0.274219 0.117188 0.029687
11 0.256250 0.317969 0.031250 0.057813
4 0.307812 0.775000 0.081250 0.096875
4 0.373437 0.928125 0.081250 0.096875
4 0.301563 0.164844 0.103125 0.092188
8 0.339062 0.436719 0.050000 0.089063
7 0.333594 0.542188 0.029687 0.040625
7 0.416406 0.414062 0.029687 0.046875
7 0.521875 0.575000 0.028125 0.025000
9 0.406250 0.505469 0.043750 0.023438
10 0.335938 0.648438 0.040625 0.037500
2 0.398438 0.653125 0.068750 0.031250
2 0.375000 0.502344 0.115625 0.029687
6 0.411719 0.459375 0.039062 0.025000
6 0.560156 0.580469 0.020313 0.039062
5 0.272656 0.860938 0.051562 0.053125
3 0.495312 0.382031 0.028125 0.026562
3 0.520312 0.361719 0.028125 0.023438
3 0.556250 0.363281 0.028125 0.026562
3 0.582812 0.380469 0.025000 0.029687
3 0.593750 0.416406 0.018750 0.023438
3 0.584375 0.450781 0.025000 0.023438
3 0.555469 0.470313 0.026562 0.018750
3 0.521875 0.467187 0.025000 0.025000
3 0.492188 0.448437 0.025000 0.025000
3 0.483594 0.415625 0.017188 0.021875
