13 0.156250 0.871094 0.143750 0.048438
13 0.114062 0.752344 0.056250 0.185938
3 0.179688 0.758594 0.059375 0.057813
0 0.342187 0.838281 0.062500 0.042188
7 0.413281 0.872656 0.054688 0.045312
6 0.307031 0.780469 0.073438 0.045312
0 0.440625 0.777344 0.006250 0.060937
11 0.483594 0.817188 0.057813 0.156250
13 0.531250 0.875000 0.037500 0.040625
13 0.728125 0.875000 0.059375 0.040625
1 0.767969 0.835938 0.014063 0.118750
1 0.768750 0.441406 0.015625 0.129688
1 0.767188 0.235156 0.015625 0.160938
2 0.103906 0.573437 0.039062 0.150000
5 0.232031 0.612500 0.220312 0.075000
12 0.219531 0.352344 0.120313 0.010937
17 0.113281 0.361719 0.054688 0.032813
2 0.232031 0.360156 0.179688 0.029687
10 0.445312 0.378125 0.068750 0.062500
17 0.510156 0.372656 0.057813 0.051562
7 0.584375 0.370313 0.068750 0.046875
9 0.717969 0.375000 0.073438 0.040625
2 0.650000 0.372656 0.218750 0.060937
5 0.711719 0.296875 0.085938 0.075000
13 0.705469 0.114844 0.107813 0.045312
13 0.466406 0.115625 0.076563 0.040625
11 0.325000 0.121094 0.206250 0.051562
11 0.253906 0.175000 0.057813 0.056250
11 0.398438 0.175000 0.059375 0.056250
15 0.192188 0.105469 0.050000 0.023438
0 0.184375 0.178125 0.062500 0.046875
7 0.109375 0.237500 0.046875 0.053125
6 0.177344 0.307813 0.035937 0.059375
13 0.271875 0.317969 0.096875 0.039062
3 0.274219 0.282031 0.042188 0.032813
0 0.326562 0.299219 0.006250 0.070312
4 0.575781 0.182031 0.160938 0.173437
0 0.132031 0.396094 0.101562 0.007812
2 0.595313 0.537500 0.193750 0.062500
3 0.590625 0.587500 0.046875 0.034375
3 0.656250 0.587500 0.046875 0.034375
3 0.591406 0.489844 0.045312 0.035937
3 0.657813 0.489062 0.043750 0.034375
0 0.817187 0.571875 0.084375 0.006250
7 0.900781 0.740625 0.051562 0.043750
14 0.822656 0.730469 0.070312 0.064062
3 0.729688 0.838281 0.043750 0.032813
4 0.624219 0.809375 0.145313 0.168750
0 0.495312 0.662500 0.084375 0.006250
15 0.250000 0.874219 0.021875 0.042188
16 0.825000 0.354688 0.043750 0.075000
