15 0.574219 0.623437 0.048438 0.128125
11 0.450781 0.676562 0.042188 0.262500
4 0.289844 0.680469 0.132812 0.254688
4 0.807812 0.682813 0.131250 0.253125
2 0.311719 0.242188 0.317188 0.050000
12 0.299219 0.242969 0.089063 0.020313
7 0.579688 0.253125 0.062500 0.071875
6 0.525781 0.262500 0.032813 0.084375
0 0.583594 0.355469 0.054688 0.092188
0 0.503125 0.354687 0.059375 0.087500
1 0.739063 0.405469 0.109375 0.010937
1 0.907812 0.587500 0.012500 0.190625
0 0.701562 0.472656 0.071875 0.110937
0 0.440625 0.472656 0.062500 0.110937
13 0.392969 0.782813 0.073438 0.050000
13 0.188281 0.782031 0.070312 0.051562
1 0.148438 0.530469 0.009375 0.439063
1 0.678906 0.305469 0.007812 0.117188
3 0.706250 0.719531 0.043750 0.070312
3 0.389062 0.720313 0.043750 0.075000
13 0.709375 0.782813 0.065625 0.050000
13 0.888281 0.783594 0.029687 0.051562
