0 0.631250 0.692969 0.093750 0.060937
0 0.489062 0.168750 0.078125 0.050000
14 0.381250 0.169531 0.046875 0.032813
14 0.333594 0.169531 0.042188 0.032813
6 0.403906 0.213281 0.064062 0.026562
7 0.417188 0.266406 0.037500 0.032813
0 0.342187 0.271094 0.062500 0.042188
7 0.701562 0.265625 0.034375 0.034375
9 0.609375 0.210938 0.068750 0.018750
10 0.694531 0.306250 0.057813 0.031250
3 0.689063 0.353906 0.046875 0.020313
3 0.635156 0.354687 0.045312 0.015625
3 0.581250 0.353906 0.043750 0.017188
3 0.689063 0.421875 0.046875 0.018750
3 0.635156 0.421094 0.045312 0.020313
3 0.580469 0.420312 0.045312 0.018750
2 0.634375 0.387500 0.178125 0.046875
5 0.525000 0.521094 0.059375 0.032813
5 0.418750 0.521094 0.059375 0.029687
2 0.471875 0.517188 0.034375 0.018750
2 0.357031 0.518750 0.042188 0.018750
2 0.354688 0.655469 0.043750 0.020313
5 0.346094 0.587500 0.064062 0.103125
2 0.468750 0.587500 0.084375 0.043750
12 0.706250 0.591406 0.012500 0.079687
2 0.706250 0.611719 0.037500 0.210938
2 0.701562 0.242969 0.043750 0.095312
2 0.606250 0.209375 0.143750 0.031250
1 0.618750 0.189062 0.100000 0.009375
1 0.369531 0.190625 0.085938 0.009375
2 0.441406 0.703906 0.257812 0.023438
