5 0.361719 0.344531 0.073438 0.151562
2 0.350781 0.435937 0.048438 0.028125
1 0.107031 0.253125 0.051562 0.009375
1 0.230469 0.253125 0.126562 0.009375
1 0.459375 0.225000 0.137500 0.009375
1 0.604688 0.225000 0.050000 0.009375
1 0.718750 0.225000 0.037500 0.009375
1 0.948438 0.346094 0.009375 0.126562
1 0.948438 0.514062 0.009375 0.103125
1 0.948438 0.725781 0.006250 0.176563
1 0.015625 0.454688 0.006250 0.053125
1 0.013281 0.643750 0.007812 0.056250
15 0.100781 0.435156 0.060937 0.014063
7 0.035937 0.313281 0.031250 0.035937
6 0.105469 0.396094 0.023438 0.045312
14 0.111719 0.526563 0.039062 0.040625
17 0.160938 0.547656 0.037500 0.035937
2 0.237500 0.548438 0.112500 0.037500
10 0.322656 0.549219 0.048438 0.042188
7 0.291406 0.653125 0.048438 0.034375
9 0.172656 0.652344 0.048438 0.032813
2 0.231250 0.653125 0.181250 0.037500
15 0.369531 0.794531 0.023438 0.060937
17 0.402344 0.817969 0.023438 0.107813
7 0.415625 0.739844 0.037500 0.032813
6 0.462500 0.733594 0.021875 0.045312
6 0.560156 0.370312 0.048438 0.028125
0 0.440625 0.675000 0.003125 0.043750
2 0.517188 0.706250 0.037500 0.121875
5 0.687500 0.736719 0.046875 0.095312
2 0.796875 0.736719 0.075000 0.073438
5 0.797656 0.644531 0.160938 0.057813
5 0.906250 0.737500 0.056250 0.109375
5 0.908594 0.337500 0.048438 0.056250
3 0.472656 0.341406 0.032813 0.035937
3 0.439063 0.543750 0.015625 0.028125
3 0.480469 0.503125 0.029687 0.015625
3 0.517188 0.503125 0.028125 0.018750
3 0.553125 0.503125 0.028125 0.018750
3 0.595313 0.544531 0.015625 0.026562
3 0.481250 0.585938 0.028125 0.015625
3 0.517188 0.586719 0.028125 0.020313
3 0.553125 0.586719 0.028125 0.020313
3 0.281250 0.288281 0.015625 0.026562
3 0.677344 0.277344 0.023438 0.023438
7 0.553906 0.317969 0.039062 0.057813
8 0.590625 0.257812 0.109375 0.056250
0 0.627344 0.295312 0.039062 0.006250
15 0.548438 0.425781 0.025000 0.048438
13 0.509375 0.339844 0.040625 0.101562
13 0.514844 0.418750 0.029687 0.043750
13 0.514844 0.266406 0.029687 0.048438
13 0.305469 0.428906 0.026562 0.029687
13 0.307812 0.287500 0.028125 0.056250
13 0.676562 0.246094 0.050000 0.029687
13 0.729688 0.246094 0.056250 0.032813
13 0.899219 0.245312 0.067187 0.034375
17 0.793750 0.443750 0.034375 0.015625
17 0.827344 0.442188 0.029687 0.018750
11 0.748437 0.433594 0.056250 0.035937
11 0.893750 0.433594 0.103125 0.035937
4 0.811719 0.312500 0.120313 0.131250
4 0.864844 0.548438 0.101562 0.121875
4 0.260937 0.364063 0.121875 0.100000
12 0.144531 0.364063 0.007812 0.093750
11 0.198437 0.502344 0.112500 0.035937
11 0.732812 0.564844 0.037500 0.089063
13 0.783594 0.596094 0.064062 0.023438
13 0.928125 0.594531 0.031250 0.026562
3 0.782031 0.570312 0.029687 0.021875
2 0.692187 0.570312 0.034375 0.078125
2 0.517969 0.543750 0.139063 0.065625
12 0.796875 0.864062 0.096875 0.009375
2 0.796875 0.855469 0.253125 0.032813
2 0.610156 0.854688 0.095312 0.021875
