0 0.368750 0.692969 0.093750 0.060937
0 0.510938 0.168750 0.078125 0.050000
14 0.618750 0.169531 0.046875 0.032813
14 0.666406 0.169531 0.042188 0.032813
6 0.596094 0.213281 0.064062 0.026562
7 0.582812 0.266406 0.037500 0.032813
0 0.657813 0.271094 0.062500 0.042188
7 0.298438 0.265625 0.034375 0.034375
9 0.390625 0.210938 0.068750 0.018750
10 0.305469 0.306250 0.057813 0.031250
3 0.310937 0.353906 0.046875 0.020313
3 0.364844 0.354687 0.045312 0.015625
3 0.418750 0.353906 0.043750 0.017188
3 0.310937 0.421875 0.046875 0.018750
3 0.364844 0.421094 0.045312 0.020313
3 0.419531 0.420312 0.045312 0.018750
2 0.365625 0.387500 0.178125 0.046875
5 0.475000 0.521094 0.059375 0.032813
5 0.581250 0.521094 0.059375 0.029687
2 0.528125 0.517188 0.034375 0.018750
2 0.642969 0.518750 0.042188 0.018750
2 0.645312 0.655469 0.043750 0.020313
5 0.653906 0.587500 0.064062 0.103125
2 0.531250 0.587500 0.084375 0.043750
12 0.293750 0.591406 0.012500 0.079687
2 0.293750 0.611719 0.037500 0.210938
2 0.298438 0.242969 0.043750 0.095312
2 0.393750 0.209375 0.143750 0.031250
1 0.381250 0.189062 0.100000 0.009375
1 0.630469 0.190625 0.085938 0.009375
2 0.558594 0.703906 0.257812 0.023438
