1 0.271875 0.878906 0.012500 0.057813
1 0.423438 0.913281 0.153125 0.007812
1 0.567969 0.867969 0.007812 0.079687
1 0.595313 0.774219 0.040625 0.010937
1 0.711719 0.773438 0.079687 0.012500
1 0.817969 0.603125 0.010937 0.131250
1 0.816406 0.375000 0.010937 0.109375
1 0.817187 0.139062 0.009375 0.071875
1 0.185938 0.216406 0.012500 0.229687
1 0.188281 0.439063 0.010937 0.131250
1 0.187500 0.663281 0.012500 0.204687
13 0.223438 0.565625 0.037500 0.037500
13 0.371875 0.564844 0.034375 0.035937
13 0.640625 0.739844 0.031250 0.045312
13 0.640625 0.578125 0.031250 0.043750
4 0.695312 0.658594 0.134375 0.126562
7 0.792188 0.132812 0.028125 0.043750
7 0.507031 0.659375 0.042188 0.065625
7 0.472656 0.796875 0.076563 0.043750
0 0.396094 0.799219 0.051562 0.057813
0 0.335156 0.803125 0.048438 0.056250
0 0.589844 0.647656 0.054688 0.060937
0 0.522656 0.584375 0.060937 0.062500
0 0.844531 0.268750 0.064062 0.065625
0 0.650000 0.517188 0.065625 0.065625
6 0.588281 0.734375 0.029687 0.040625
11 0.718750 0.460938 0.187500 0.040625
16 0.840625 0.488281 0.025000 0.067187
3 0.658594 0.385156 0.035937 0.026562
3 0.705469 0.385156 0.035937 0.026562
3 0.704688 0.290625 0.034375 0.028125
3 0.657813 0.290625 0.034375 0.028125
3 0.603906 0.337500 0.026562 0.037500
3 0.757031 0.336719 0.029687 0.035937
2 0.680469 0.336719 0.126562 0.067187
2 0.789844 0.133594 0.039062 0.164062
2 0.610156 0.088281 0.039062 0.070312
2 0.701562 0.075000 0.143750 0.043750
9 0.697656 0.075781 0.064062 0.042188
17 0.610938 0.190625 0.040625 0.046875
17 0.610156 0.145312 0.045312 0.043750
17 0.567969 0.174219 0.026562 0.079687
17 0.567969 0.093750 0.029687 0.078125
0 0.514844 0.092187 0.079687 0.084375
6 0.302344 0.873438 0.051562 0.034375
8 0.537500 0.842188 0.053125 0.134375
12 0.296875 0.760937 0.062500 0.009375
13 0.321094 0.521875 0.254688 0.031250
3 0.320312 0.467969 0.040625 0.032813
3 0.295312 0.385938 0.031250 0.025000
3 0.347656 0.386719 0.032813 0.026562
2 0.320312 0.425781 0.112500 0.051562
12 0.352344 0.333594 0.082812 0.007812
2 0.375781 0.257812 0.035937 0.040625
2 0.422656 0.256250 0.039062 0.040625
2 0.352344 0.190625 0.104688 0.059375
5 0.228906 0.188281 0.057813 0.129688
5 0.353906 0.089844 0.176563 0.064062
7 0.839063 0.181250 0.031250 0.065625
14 0.846094 0.125781 0.045312 0.045312
15 0.228906 0.810156 0.073438 0.017188
5 0.139063 0.606250 0.050000 0.053125
2 0.098437 0.594531 0.028125 0.032813
4 0.298438 0.619531 0.121875 0.145313
