0 0.128906 0.712500 0.079687 0.003125
0 0.572656 0.536719 0.004687 0.064062
0 0.589844 0.538281 0.004687 0.064062
0 0.620313 0.769531 0.065625 0.004687
0 0.750000 0.494531 0.065625 0.004687
0 0.835156 0.536719 0.004687 0.057813
0 0.513281 0.372656 0.004687 0.067187
7 0.357812 0.874219 0.062500 0.042188
7 0.827344 0.610938 0.042188 0.071875
7 0.477344 0.538281 0.035937 0.042188
2 0.252344 0.848438 0.064062 0.090625
2 0.430469 0.870312 0.292187 0.046875
9 0.514062 0.870312 0.065625 0.037500
17 0.608594 0.973438 0.039062 0.018750
17 0.552344 0.736719 0.048438 0.048438
17 0.233594 0.389844 0.029687 0.048438
17 0.232813 0.156250 0.031250 0.043750
10 0.487500 0.741406 0.059375 0.051562
15 0.469531 0.673438 0.020313 0.062500
17 0.148438 0.742969 0.118750 0.039062
11 0.608594 0.675781 0.045312 0.092188
11 0.647656 0.381250 0.123438 0.046875
11 0.942969 0.212500 0.048438 0.128125
11 0.943750 0.429688 0.046875 0.137500
17 0.955469 0.339063 0.023438 0.040625
17 0.955469 0.297656 0.023438 0.042188
12 0.939844 0.317969 0.007812 0.067187
2 0.931250 0.317969 0.021875 0.082812
2 0.392969 0.604687 0.107813 0.071875
2 0.355469 0.279687 0.079687 0.078125
2 0.232813 0.271094 0.031250 0.185938
12 0.221875 0.272656 0.009375 0.095312
14 0.614062 0.889063 0.050000 0.053125
1 0.734375 0.727344 0.059375 0.010937
1 0.975000 0.657031 0.012500 0.126562
1 0.803906 0.112500 0.157812 0.009375
1 0.628906 0.113281 0.126562 0.010937
1 0.376563 0.114844 0.187500 0.010937
3 0.325000 0.606250 0.021875 0.034375
3 0.368750 0.556250 0.031250 0.025000
3 0.417187 0.557031 0.031250 0.026562
3 0.369531 0.657031 0.032813 0.026562
3 0.417969 0.657031 0.035937 0.026562
6 0.485938 0.598438 0.053125 0.028125
6 0.835938 0.687500 0.062500 0.034375
8 0.932813 0.653906 0.068750 0.132812
15 0.814063 0.534375 0.018750 0.053125
13 0.777344 0.567188 0.039062 0.121875
13 0.692969 0.323438 0.032813 0.043750
13 0.691406 0.153125 0.032813 0.046875
13 0.734375 0.221875 0.034375 0.043750
13 0.735938 0.400000 0.034375 0.043750
4 0.797656 0.307813 0.160938 0.143750
4 0.634375 0.235938 0.150000 0.125000
5 0.714844 0.673438 0.164062 0.093750
5 0.371094 0.389844 0.095312 0.048438
5 0.463281 0.282031 0.067187 0.160938
5 0.429688 0.167188 0.134375 0.065625
5 0.328906 0.167969 0.048438 0.064062
12 0.513281 0.238281 0.007812 0.070312
3 0.739844 0.561719 0.029687 0.035937
5 0.823438 0.156250 0.125000 0.059375
2 0.734375 0.156250 0.034375 0.053125
