15 0.914844 0.171094 0.064062 0.029687
15 0.808594 0.812500 0.120313 0.075000
16 0.803906 0.921875 0.082812 0.040625
1 0.739844 0.833594 0.014063 0.132812
1 0.557031 0.759375 0.070312 0.009375
1 0.222656 0.261719 0.229687 0.010937
1 0.432031 0.260937 0.104688 0.009375
1 0.543750 0.120313 0.050000 0.009375
1 0.803125 0.264062 0.131250 0.012500
1 0.907031 0.630469 0.014063 0.101562
4 0.853125 0.671094 0.093750 0.164062
4 0.810156 0.379688 0.179688 0.140625
4 0.464844 0.375000 0.170313 0.143750
13 0.772656 0.735938 0.067187 0.037500
13 0.880469 0.492969 0.042188 0.098437
13 0.881250 0.292187 0.040625 0.046875
13 0.397656 0.289062 0.039062 0.040625
13 0.395312 0.464062 0.037500 0.050000
15 0.653125 0.104688 0.140625 0.021875
15 0.063281 0.167187 0.060937 0.028125
8 0.532813 0.192969 0.068750 0.139063
6 0.607031 0.154688 0.042188 0.059375
6 0.555469 0.722656 0.042188 0.060937
7 0.682812 0.150781 0.078125 0.051562
7 0.481250 0.725781 0.075000 0.051562
7 0.323438 0.874219 0.053125 0.045312
9 0.460938 0.874219 0.065625 0.039062
2 0.398438 0.873437 0.212500 0.050000
0 0.477344 0.803906 0.082812 0.073438
0 0.714844 0.588281 0.076563 0.073438
0 0.614844 0.663281 0.039062 0.054688
0 0.475781 0.657031 0.064062 0.060937
0 0.550781 0.513281 0.076563 0.076563
0 0.638281 0.512500 0.073438 0.075000
0 0.691406 0.238281 0.064062 0.060937
0 0.144531 0.863281 0.095312 0.098437
3 0.839844 0.497656 0.042188 0.039062
3 0.394531 0.673438 0.032813 0.040625
3 0.394531 0.724219 0.032813 0.039062
3 0.292969 0.673438 0.032813 0.040625
3 0.292969 0.724219 0.032813 0.035937
2 0.343750 0.696094 0.071875 0.110937
3 0.777344 0.697656 0.042188 0.035937
11 0.625781 0.360938 0.051562 0.181250
11 0.713281 0.689844 0.051562 0.123438
11 0.442969 0.514062 0.129688 0.053125
15 0.639844 0.742188 0.073438 0.021875
2 0.082812 0.741406 0.031250 0.135937
17 0.088281 0.640625 0.039062 0.065625
17 0.088281 0.578125 0.039062 0.062500
2 0.088281 0.407031 0.039062 0.276562
12 0.085156 0.428125 0.010937 0.103125
2 0.234375 0.428906 0.062500 0.104688
5 0.174219 0.557813 0.064062 0.059375
5 0.329688 0.405469 0.075000 0.273438
5 0.256250 0.306250 0.068750 0.075000
