0 0.895312 0.708594 0.096875 0.110937
0 0.518750 0.839063 0.084375 0.075000
0 0.250000 0.607031 0.087500 0.076563
0 0.264844 0.456250 0.070312 0.062500
0 0.349219 0.525781 0.073438 0.082812
0 0.585938 0.334375 0.075000 0.084375
0 0.484375 0.689063 0.062500 0.068750
1 0.827344 0.108594 0.260937 0.010937
1 0.475000 0.096094 0.137500 0.010937
1 0.212500 0.071094 0.209375 0.014063
12 0.589844 0.052344 0.057813 0.026562
12 0.361719 0.042969 0.064062 0.039062
12 0.334375 0.801562 0.071875 0.018750
2 0.933594 0.153906 0.048438 0.051562
2 0.934375 0.414062 0.050000 0.050000
2 0.821094 0.289844 0.073438 0.110937
2 0.729687 0.544531 0.156250 0.070312
2 0.748437 0.827344 0.050000 0.223438
2 0.671094 0.914062 0.101562 0.053125
9 0.681250 0.913281 0.068750 0.051562
7 0.748437 0.803906 0.050000 0.089063
17 0.750000 0.689063 0.046875 0.053125
10 0.616406 0.700781 0.060937 0.073438
7 0.546875 0.725000 0.050000 0.121875
7 0.336719 0.845313 0.073438 0.043750
5 0.239062 0.111719 0.156250 0.054688
11 0.596875 0.217188 0.050000 0.140625
11 0.468750 0.532031 0.137500 0.054688
11 0.468750 0.400781 0.137500 0.051562
13 0.100000 0.157812 0.037500 0.065625
13 0.100781 0.371875 0.039062 0.084375
2 0.058594 0.270313 0.042188 0.287500
4 0.164062 0.260937 0.168750 0.137500
3 0.138281 0.370312 0.035937 0.040625
12 0.367969 0.252344 0.007812 0.082812
2 0.368750 0.203125 0.040625 0.253125
8 0.110156 0.492188 0.070312 0.134375
1 0.066406 0.471875 0.014063 0.065625
6 0.185937 0.528906 0.037500 0.057813
7 0.257031 0.533594 0.070312 0.051562
15 0.117188 0.581250 0.087500 0.025000
13 0.094531 0.675781 0.035937 0.145313
13 0.094531 0.777344 0.039062 0.051562
4 0.185937 0.871094 0.193750 0.139063
1 0.170312 0.950000 0.121875 0.012500
11 0.257031 0.732812 0.051562 0.140625
3 0.130469 0.696875 0.035937 0.043750
6 0.414844 0.695312 0.035937 0.062500
1 0.492188 0.792188 0.065625 0.012500
14 0.413281 0.835156 0.067187 0.070312
16 0.495313 0.926562 0.087500 0.031250
13 0.522656 0.124219 0.079687 0.042188
4 0.439844 0.196875 0.082812 0.184375
13 0.423438 0.326562 0.050000 0.081250
3 0.466406 0.326562 0.039062 0.043750
12 0.653906 0.288281 0.010937 0.104688
5 0.832031 0.153906 0.126562 0.067187
5 0.935156 0.286719 0.067187 0.182812
17 0.957031 0.614062 0.023438 0.093750
17 0.957031 0.706250 0.023438 0.090625
17 0.801563 0.707812 0.034375 0.087500
3 0.778125 0.491406 0.037500 0.035937
3 0.729687 0.491406 0.040625 0.035937
3 0.682031 0.491406 0.042188 0.035937
3 0.778125 0.599219 0.040625 0.035937
3 0.730469 0.598437 0.039062 0.034375
3 0.682812 0.597656 0.040625 0.035937
1 0.067187 0.657031 0.012500 0.085938
2 0.640625 0.245312 0.012500 0.259375
