15 0.425781 0.623437 0.048438 0.128125
11 0.549219 0.676562 0.042188 0.262500
4 0.710156 0.680469 0.132812 0.254688
4 0.192188 0.682813 0.131250 0.253125
2 0.688281 0.242188 0.317188 0.050000
12 0.700781 0.242969 0.089063 0.020313
7 0.420312 0.253125 0.062500 0.071875
6 0.474219 0.262500 0.032813 0.084375
0 0.416406 0.355469 0.054688 0.092188
0 0.496875 0.354687 0.059375 0.087500
1 0.260937 0.405469 0.109375 0.010937
1 0.092188 0.587500 0.012500 0.190625
0 0.298438 0.472656 0.071875 0.110937
0 0.559375 0.472656 0.062500 0.110937
13 0.607031 0.782813 0.073438 0.050000
13 0.811719 0.782031 0.070312 0.051562
1 0.851562 0.530469 0.009375 0.439063
1 0.321094 0.305469 0.007812 0.117188
3 0.293750 0.719531 0.043750 0.070312
3 0.610938 0.720313 0.043750 0.075000
13 0.290625 0.782813 0.065625 0.050000
13 0.111719 0.783594 0.029687 0.051562
