0 0.781250 0.610156 0.062500 0.067187
0 0.842187 0.539844 0.059375 0.054688
0 0.829688 0.403906 0.059375 0.051562
0 0.630469 0.406250 0.060937 0.065625
0 0.517969 0.407031 0.057813 0.067187
0 0.712500 0.542188 0.059375 0.065625
0 0.452344 0.835156 0.060937 0.064062
0 0.192969 0.546875 0.092188 0.081250
4 0.871094 0.759375 0.135937 0.087500
1 0.848437 0.810937 0.112500 0.012500
11 0.771094 0.752344 0.039062 0.101562
13 0.935156 0.658594 0.029687 0.082812
3 0.903125 0.658594 0.031250 0.032813
6 0.914062 0.584375 0.050000 0.028125
7 0.917188 0.535156 0.040625 0.054688
15 0.914062 0.480469 0.021875 0.039062
7 0.903125 0.400781 0.040625 0.060937
6 0.900000 0.332813 0.046875 0.028125
8 0.866406 0.208594 0.110937 0.057813
15 0.790625 0.132812 0.053125 0.009375
15 0.543750 0.121875 0.046875 0.028125
15 0.361719 0.118750 0.045312 0.021875
2 0.050000 0.184375 0.037500 0.037500
2 0.050781 0.400000 0.039062 0.037500
2 0.153906 0.400781 0.032813 0.035937
2 0.153906 0.185938 0.032813 0.037500
5 0.046875 0.295312 0.046875 0.150000
5 0.107813 0.401562 0.053125 0.050000
5 0.200781 0.402344 0.051562 0.045312
5 0.107031 0.185156 0.048438 0.051562
5 0.200781 0.185938 0.051562 0.053125
2 0.156250 0.292187 0.062500 0.078125
1 0.150000 0.143750 0.243750 0.009375
12 0.343750 0.285156 0.009375 0.082812
2 0.345313 0.318750 0.034375 0.237500
17 0.344531 0.548438 0.032813 0.078125
17 0.171875 0.469531 0.028125 0.060937
2 0.514844 0.559375 0.126562 0.056250
3 0.478125 0.603125 0.031250 0.028125
3 0.514844 0.602344 0.029687 0.029687
3 0.553906 0.602344 0.032813 0.029687
3 0.478906 0.516406 0.035937 0.029687
3 0.516406 0.517188 0.032813 0.028125
3 0.554688 0.517188 0.031250 0.028125
7 0.390625 0.679688 0.040625 0.059375
9 0.391406 0.769531 0.042188 0.060937
2 0.390625 0.723437 0.040625 0.028125
10 0.512500 0.683594 0.050000 0.057813
2 0.515625 0.736719 0.040625 0.045312
2 0.517188 0.779687 0.040625 0.040625
11 0.565625 0.711719 0.043750 0.123438
17 0.603125 0.531250 0.031250 0.031250
17 0.602344 0.597656 0.029687 0.098437
17 0.646875 0.531250 0.056250 0.031250
3 0.634375 0.593750 0.028125 0.031250
4 0.674219 0.717969 0.132812 0.104688
1 0.641406 0.778906 0.104688 0.007812
7 0.617969 0.804688 0.060937 0.034375
14 0.678125 0.811719 0.059375 0.054688
15 0.730469 0.794531 0.017188 0.020313
16 0.515625 0.875781 0.068750 0.023438
1 0.516406 0.894531 0.089063 0.010937
1 0.453125 0.142969 0.109375 0.010937
1 0.665625 0.142969 0.175000 0.010937
1 0.853906 0.142969 0.057813 0.010937
11 0.575781 0.375000 0.035937 0.112500
11 0.575781 0.191406 0.039062 0.082812
12 0.574219 0.272656 0.007812 0.064062
2 0.575781 0.275000 0.039062 0.084375
13 0.783594 0.185938 0.032813 0.075000
13 0.782813 0.352344 0.031250 0.039062
3 0.750781 0.185156 0.029687 0.032813
13 0.403125 0.175781 0.034375 0.054688
13 0.385937 0.350781 0.031250 0.082812
3 0.415625 0.353906 0.025000 0.032813
11 0.424219 0.410938 0.114062 0.040625
4 0.436719 0.252344 0.132812 0.104688
4 0.730469 0.277344 0.132812 0.104688
