17 0.663281 0.119531 0.020313 0.010937
17 0.599219 0.414844 0.048438 0.023438
17 0.548438 0.415625 0.050000 0.025000
17 0.162500 0.175000 0.071875 0.028125
17 0.122656 0.517188 0.026562 0.059375
17 0.122656 0.576562 0.026562 0.056250
17 0.121875 0.800781 0.031250 0.060937
14 0.628906 0.107031 0.039062 0.039062
1 0.580469 0.131250 0.095312 0.006250
1 0.789062 0.132031 0.125000 0.010937
4 0.806250 0.239063 0.118750 0.096875
4 0.583594 0.257812 0.117188 0.100000
4 0.615625 0.721094 0.131250 0.120313
13 0.862500 0.316406 0.031250 0.060937
13 0.539062 0.177344 0.031250 0.060937
13 0.537500 0.325781 0.028125 0.032813
13 0.565625 0.637500 0.028125 0.046875
13 0.564063 0.803125 0.028125 0.050000
13 0.482031 0.822656 0.126562 0.045312
1 0.258594 0.849219 0.170313 0.007812
1 0.482812 0.850000 0.100000 0.012500
1 0.671875 0.850000 0.125000 0.012500
1 0.815625 0.849219 0.050000 0.007812
8 0.824219 0.816406 0.107813 0.054688
6 0.853906 0.712500 0.048438 0.028125
6 0.784375 0.478125 0.021875 0.043750
6 0.303906 0.182031 0.020313 0.045312
5 0.518750 0.600781 0.050000 0.067187
5 0.517188 0.702344 0.050000 0.064062
5 0.350781 0.685937 0.054688 0.156250
5 0.257812 0.801562 0.115625 0.059375
5 0.259375 0.571875 0.103125 0.053125
2 0.524219 0.652344 0.045312 0.026562
2 0.256250 0.686719 0.056250 0.089063
2 0.121094 0.687500 0.029687 0.165625
2 0.349219 0.795312 0.039062 0.037500
2 0.349219 0.578125 0.039062 0.040625
2 0.749219 0.695312 0.029687 0.146875
13 0.748437 0.806250 0.028125 0.075000
3 0.721875 0.807813 0.018750 0.028125
3 0.481250 0.785156 0.040625 0.026562
3 0.294531 0.447656 0.029687 0.023438
3 0.259375 0.449219 0.031250 0.023438
3 0.222656 0.449219 0.029687 0.020313
3 0.189844 0.404687 0.017188 0.028125
3 0.293750 0.360938 0.028125 0.018750
3 0.258594 0.360156 0.029687 0.020313
3 0.221094 0.360156 0.032813 0.020313
3 0.327344 0.404687 0.017188 0.034375
3 0.410156 0.381250 0.020313 0.028125
3 0.410156 0.427344 0.020313 0.029687
2 0.379687 0.405469 0.037500 0.114062
2 0.257812 0.404687 0.118750 0.062500
2 0.211719 0.240625 0.026562 0.065625
15 0.216406 0.180469 0.020313 0.042188
7 0.262500 0.175781 0.034375 0.032813
10 0.395312 0.306250 0.043750 0.050000
7 0.499219 0.306250 0.035937 0.050000
9 0.499219 0.184375 0.032813 0.053125
2 0.499219 0.237500 0.035937 0.203125
0 0.421875 0.101562 0.003125 0.050000
0 0.685156 0.432031 0.004687 0.054688
0 0.694531 0.432812 0.004687 0.053125
0 0.732812 0.586719 0.003125 0.051562
0 0.772656 0.651563 0.004687 0.050000
0 0.234375 0.243750 0.003125 0.046875
0 0.779688 0.396094 0.046875 0.004687
7 0.862500 0.416406 0.031250 0.035937
15 0.854687 0.525000 0.015625 0.031250
11 0.798437 0.528125 0.084375 0.037500
11 0.859375 0.584375 0.037500 0.075000
7 0.860156 0.662500 0.035937 0.059375
12 0.752344 0.719531 0.007812 0.064062
12 0.401563 0.651563 0.009375 0.090625
12 0.118750 0.685156 0.009375 0.095312
11 0.813281 0.365625 0.126562 0.037500
11 0.576562 0.374219 0.106250 0.039062
12 0.697656 0.236719 0.007812 0.054688
2 0.702344 0.239844 0.020313 0.101562
3 0.831250 0.316406 0.025000 0.023438
3 0.567969 0.178125 0.023438 0.031250
2 0.403906 0.231250 0.026562 0.081250
2 0.403906 0.690625 0.026562 0.256250
11 0.610938 0.578125 0.121875 0.034375
0 0.140625 0.194531 0.062500 0.004687
5 0.217187 0.687500 0.018750 0.062500
0 0.470313 0.559375 0.065625 0.006250
