5 0.197656 0.250000 0.148438 0.046875
5 0.095312 0.326562 0.050000 0.100000
5 0.297656 0.310156 0.085938 0.070312
5 0.203125 0.408594 0.031250 0.026562
5 0.240625 0.407813 0.031250 0.031250
2 0.176563 0.434375 0.228125 0.018750
12 0.171875 0.438281 0.081250 0.010937
3 0.154688 0.475000 0.021875 0.025000
3 0.191406 0.474219 0.026562 0.023438
3 0.153906 0.553125 0.023438 0.025000
3 0.189844 0.553906 0.026562 0.026562
2 0.171875 0.514062 0.096875 0.046875
3 0.344531 0.471094 0.017188 0.023438
3 0.375781 0.434375 0.023438 0.015625
3 0.404687 0.434375 0.025000 0.015625
3 0.435156 0.433594 0.023438 0.017188
3 0.469531 0.470313 0.017188 0.021875
3 0.375781 0.505469 0.020313 0.014063
3 0.407031 0.506250 0.023438 0.018750
3 0.433594 0.506250 0.026562 0.015625
3 0.935156 0.571875 0.020313 0.025000
3 0.782813 0.619531 0.018750 0.026562
17 0.429688 0.239844 0.059375 0.029687
17 0.489063 0.239844 0.059375 0.029687
0 0.491406 0.276562 0.054688 0.006250
2 0.190625 0.329688 0.081250 0.053125
2 0.101562 0.248438 0.034375 0.034375
2 0.292187 0.250000 0.037500 0.034375
1 0.057813 0.350781 0.009375 0.145313
1 0.059375 0.532813 0.009375 0.081250
1 0.058594 0.664062 0.010937 0.103125
2 0.161719 0.592187 0.110937 0.018750
12 0.160156 0.590625 0.057813 0.006250
4 0.160938 0.700000 0.096875 0.109375
4 0.767188 0.688281 0.103125 0.085938
4 0.919531 0.645312 0.101562 0.084375
13 0.957031 0.571875 0.020313 0.059375
13 0.956250 0.717969 0.025000 0.060937
13 0.099219 0.748437 0.029687 0.025000
13 0.222656 0.748437 0.032813 0.025000
13 0.805469 0.623437 0.023438 0.046875
13 0.805469 0.744531 0.023438 0.032813
1 0.746875 0.765625 0.106250 0.012500
1 0.895312 0.764844 0.128125 0.010937
1 0.472656 0.764844 0.257812 0.010937
1 0.428906 0.690625 0.064062 0.009375
1 0.529687 0.688281 0.043750 0.010937
15 0.347656 0.577344 0.035937 0.014063
17 0.638281 0.708594 0.057813 0.032813
15 0.559375 0.389844 0.018750 0.042188
6 0.569531 0.439063 0.039062 0.018750
6 0.448437 0.587500 0.021875 0.040625
7 0.401562 0.583594 0.050000 0.026562
7 0.529687 0.667188 0.050000 0.028125
7 0.564844 0.477344 0.026562 0.029687
2 0.382812 0.291406 0.025000 0.142187
2 0.412500 0.308594 0.025000 0.107813
17 0.531250 0.403906 0.025000 0.067187
17 0.530469 0.474219 0.023438 0.070312
0 0.635156 0.484375 0.004687 0.037500
0 0.776563 0.510156 0.043750 0.004687
0 0.668750 0.589844 0.003125 0.051562
0 0.348438 0.595313 0.043750 0.003125
0 0.302344 0.654687 0.045312 0.037500
0 0.268750 0.532031 0.006250 0.054688
8 0.426563 0.660937 0.090625 0.046875
14 0.362500 0.710938 0.040625 0.037500
11 0.260156 0.700000 0.032813 0.118750
11 0.307812 0.744531 0.059375 0.032813
11 0.768750 0.582812 0.096875 0.034375
11 0.917969 0.525000 0.101562 0.031250
5 0.897656 0.734375 0.076563 0.040625
9 0.492969 0.593750 0.026562 0.040625
14 0.639844 0.664062 0.035937 0.040625
2 0.642188 0.602344 0.031250 0.067187
2 0.492188 0.625781 0.034375 0.117188
