1 0.076563 0.345313 0.009375 0.106250
1 0.076563 0.475000 0.009375 0.084375
1 0.075781 0.658594 0.004687 0.142187
1 0.443750 0.321094 0.062500 0.007812
1 0.542188 0.321094 0.043750 0.010937
1 0.757812 0.246094 0.106250 0.007812
1 0.907031 0.246094 0.126562 0.007812
1 0.384375 0.246094 0.046875 0.010937
1 0.591406 0.247656 0.045312 0.007812
13 0.114844 0.271875 0.026562 0.021875
13 0.233594 0.271875 0.048438 0.025000
13 0.103906 0.417969 0.045312 0.017188
13 0.967187 0.301563 0.021875 0.078125
13 0.966406 0.439844 0.026562 0.032813
4 0.168750 0.311719 0.087500 0.104688
4 0.778125 0.317969 0.103125 0.079687
4 0.930469 0.382031 0.098437 0.079687
14 0.378906 0.300781 0.035937 0.032813
8 0.441406 0.347656 0.089063 0.045312
7 0.544531 0.342969 0.042188 0.026562
9 0.509375 0.412500 0.028125 0.037500
2 0.507031 0.383594 0.029687 0.117188
0 0.657031 0.406250 0.032813 0.065625
10 0.653125 0.347656 0.037500 0.039062
6 0.463281 0.421875 0.023438 0.040625
6 0.583594 0.568750 0.035937 0.021875
7 0.417187 0.425781 0.046875 0.029687
7 0.578906 0.532813 0.026562 0.028125
5 0.117969 0.683594 0.045312 0.089063
5 0.224219 0.758594 0.154688 0.045312
5 0.328906 0.707812 0.048438 0.040625
5 0.328906 0.660937 0.045312 0.040625
5 0.862500 0.285938 0.050000 0.053125
5 0.110937 0.495312 0.059375 0.125000
2 0.214844 0.572656 0.176563 0.023438
12 0.220312 0.571094 0.078125 0.007812
2 0.223438 0.682813 0.084375 0.056250
2 0.418750 0.548438 0.096875 0.093750
2 0.544531 0.568750 0.023438 0.140625
12 0.168750 0.420312 0.050000 0.006250
17 0.639062 0.301563 0.031250 0.034375
17 0.438281 0.767188 0.064062 0.034375
17 0.502344 0.767188 0.060937 0.034375
11 0.928906 0.483594 0.098437 0.029687
11 0.780469 0.426563 0.095312 0.031250
15 0.364844 0.432031 0.035937 0.017188
11 0.278125 0.307812 0.031250 0.118750
11 0.323437 0.265625 0.056250 0.031250
3 0.232031 0.300000 0.026562 0.025000
3 0.418750 0.491406 0.021875 0.017188
3 0.452344 0.503125 0.026562 0.025000
3 0.471094 0.530469 0.023438 0.026562
3 0.472656 0.564844 0.020313 0.029687
3 0.451562 0.592969 0.025000 0.026562
3 0.418750 0.603906 0.025000 0.020313
3 0.386719 0.593750 0.026562 0.028125
3 0.361719 0.565625 0.023438 0.025000
3 0.366406 0.531250 0.020313 0.025000
3 0.793750 0.387500 0.018750 0.021875
3 0.182812 0.467969 0.034375 0.029687
3 0.239844 0.467969 0.029687 0.035937
3 0.184375 0.525000 0.031250 0.034375
3 0.240625 0.524219 0.031250 0.035937
3 0.942187 0.281250 0.025000 0.028125
13 0.815625 0.263281 0.025000 0.026562
13 0.816406 0.385156 0.023438 0.051562
2 0.170313 0.416406 0.087500 0.017188
2 0.396875 0.716406 0.021875 0.135937
2 0.423438 0.698438 0.031250 0.103125
2 0.325781 0.757812 0.035937 0.037500
2 0.121094 0.755469 0.032813 0.035937
0 0.317188 0.360938 0.043750 0.021875
0 0.788281 0.498437 0.045312 0.003125
12 0.837500 0.380469 0.006250 0.048438
2 0.841406 0.381250 0.010937 0.075000
0 0.506250 0.731250 0.056250 0.003125
0 0.339062 0.418750 0.003125 0.040625
0 0.367188 0.416406 0.034375 0.004687
0 0.679688 0.419531 0.003125 0.045312
0 0.284375 0.464844 0.006250 0.035937
0 0.282031 0.530469 0.007812 0.054688
15 0.572656 0.617969 0.017188 0.042188
0 0.646875 0.525781 0.003125 0.039062
